#Creator: pendulumEventBuffer
#Creation time: Tue Jan  1 01:30:49 2013
#Time	Period	Transit time
#[s]	[s]	[s]
2.150624	2.142304	0.011536
3.221720	2.142082	0.011572
4.292706	2.141849	0.011608
5.363569	2.141616	0.011646
6.434322	2.141391	0.011684
7.504960	2.141171	0.011724
8.575493	2.140950	0.011762
9.645910	2.140725	0.011796
10.716218	2.140520	0.011836
11.786430	2.140309	0.011876
12.856527	2.140078	0.011910
13.926508	2.139856	0.011948
14.996383	2.139633	0.011990
16.066141	2.139404	0.012030
17.135787	2.139183	0.012066
18.205324	2.138969	0.012104
19.274756	2.138763	0.012144
20.344087	2.138559	0.012182
21.413315	2.138357	0.012222
22.482444	2.138162	0.012260
23.551477	2.137957	0.012298
24.620401	2.137747	0.012338
25.689224	2.137564	0.012376
26.757965	2.137394	0.012414
27.826618	2.137207	0.012452
28.895172	2.137010	0.012492
29.963628	2.136815	0.012532
31.031987	2.136635	0.012570
32.100263	2.136455	0.012610
33.168442	2.136265	0.012652
34.236528	2.136070	0.012692
35.304512	2.135881	0.012728
36.372409	2.135692	0.012766
37.440204	2.135502	0.012804
38.507911	2.135310	0.012846
39.575514	2.135120	0.012892
40.643031	2.134963	0.012930
41.710477	2.134816	0.012966
42.777847	2.134636	0.013006
43.845113	2.134457	0.013046
44.912304	2.134293	0.013088
45.979406	2.134117	0.013128
47.046421	2.133925	0.013170
48.113331	2.133745	0.013210
49.180166	2.133619	0.013248
50.246950	2.133483	0.013288
51.313649	2.133329	0.013330
52.380279	2.133184	0.013374
53.446833	2.133017	0.013414
54.513296	2.132849	0.013452
55.579682	2.132689	0.013492
56.645985	2.132530	0.013530
57.712212	2.132364	0.013572
58.778349	2.132198	0.013614
59.844410	2.132038	0.013656
60.910387	2.131880	0.013702
61.976290	2.131731	0.013744
63.042118	2.131582	0.013784
64.107872	2.131420	0.013824
65.173538	2.131257	0.013868
66.239129	2.131109	0.013910
67.304647	2.130968	0.013950
68.370097	2.130817	0.013994
69.435464	2.130671	0.014036
70.500768	2.130529	0.014080
71.565993	2.130378	0.014122
72.631146	2.130236	0.014164
73.696229	2.130106	0.014206
74.761252	2.129970	0.014248
75.826199	2.129832	0.014294
76.891084	2.129683	0.014336
77.955882	2.129532	0.014376
79.020616	2.129407	0.014420
80.085289	2.129280	0.014462
81.149896	2.129138	0.014508
82.214427	2.128998	0.014554
83.278894	2.128867	0.014596
84.343294	2.128740	0.014640
85.407634	2.128616	0.014684
86.471910	2.128494	0.014728
87.536128	2.128362	0.014772
88.600272	2.128221	0.014820
89.664349	2.128090	0.014866
90.728362	2.127968	0.014908
91.792317	2.127839	0.014950
92.856201	2.127711	0.014994
93.920028	2.127597	0.015040
94.983798	2.127483	0.015084
96.047511	2.127354	0.015130
97.111152	2.127224	0.015176
98.174735	2.127111	0.015218
99.238263	2.127002	0.015262
100.301737	2.126884	0.015310
101.365147	2.126764	0.015358
102.428501	2.126649	0.015402
103.491796	2.126542	0.015444
104.555043	2.126432	0.015490
105.618228	2.126313	0.015540
106.681356	2.126198	0.015588
107.744426	2.126087	0.015632
108.807443	2.125977	0.015678
109.870403	2.125866	0.015722
110.933309	2.125756	0.015766
111.996159	2.125647	0.015814
113.058956	2.125536	0.015860
114.121695	2.125429	0.015906
115.184385	2.125327	0.015954
116.247022	2.125221	0.016004
117.309606	2.125114	0.016052
118.372136	2.125007	0.016096
119.434613	2.124894	0.016142
120.497030	2.124787	0.016188
121.559400	2.124680	0.016236
122.621710	2.124576	0.016284
123.683976	2.124483	0.016332
124.746193	2.124391	0.016378
125.808367	2.124291	0.016426
126.870484	2.124184	0.016476
127.932551	2.124086	0.016522
128.994570	2.123995	0.016572
130.056546	2.123898	0.016624
131.118468	2.123795	0.016672
132.180341	2.123689	0.016718
133.242157	2.123585	0.016766
134.303926	2.123494	0.016816
135.365651	2.123404	0.016866
136.427330	2.123311	0.016916
137.488962	2.123225	0.016964
138.550555	2.123137	0.017014
139.612099	2.123031	0.017066
140.673586	2.122938	0.017116
141.735037	2.122850	0.017166
142.796436	2.122747	0.017216
143.857784	2.122653	0.017264
144.919089	2.122562	0.017314
145.980346	2.122477	0.017364
147.041566	2.122401	0.017416
148.102747	2.122316	0.017466
149.163882	2.122210	0.017516
150.224957	2.122116	0.017570
151.285998	2.122037	0.017620
152.346994	2.121947	0.017668
153.407945	2.121858	0.017718
154.468852	2.121778	0.017772
155.529723	2.121692	0.017822
156.590544	2.121602	0.017872
157.651325	2.121502	0.017926
158.712046	2.121404	0.017980
159.772729	2.121326	0.018034
160.833372	2.121239	0.018084
161.893968	2.121150	0.018136
162.954522	2.121079	0.018188
164.015047	2.121016	0.018242
165.075538	2.120941	0.018296
166.135988	2.120857	0.018348
167.196395	2.120780	0.018402
168.256768	2.120704	0.018456
169.317099	2.120631	0.018510
170.377399	2.120555	0.018566
171.437654	2.120476	0.018620
172.497875	2.120400	0.018674
173.558054	2.120325	0.018728
174.618200	2.120247	0.018780
175.678301	2.120167	0.018834
176.738367	2.120098	0.018890
177.798399	2.120028	0.018942
178.858395	2.119947	0.018994
179.918346	2.119871	0.019052
180.978266	2.119806	0.019112
182.038152	2.119733	0.019168
183.097999	2.119652	0.019222
184.157804	2.119584	0.019280
185.217583	2.119518	0.019334
186.277322	2.119446	0.019388
187.337029	2.119377	0.019446
188.396699	2.119306	0.019502
189.456335	2.119233	0.019562
190.515932	2.119163	0.019616
191.575498	2.119094	0.019672
192.635026	2.119026	0.019732
193.694524	2.118954	0.019788
194.753980	2.118880	0.019844
195.813404	2.118815	0.019904
196.872795	2.118761	0.019962
197.932165	2.118687	0.020018
198.991482	2.118606	0.020076
200.050771	2.118550	0.020134
201.110032	2.118493	0.020192
202.169264	2.118422	0.020252
203.228454	2.118357	0.020312
204.287621	2.118299	0.020370
205.346753	2.118234	0.020430
206.405855	2.118163	0.020490
207.464916	2.118094	0.020548
208.523949	2.118030	0.020606
209.582946	2.117964	0.020664
210.641913	2.117902	0.020726
211.700848	2.117840	0.020784
212.759753	2.117780	0.020842
213.818628	2.117724	0.020904
214.877477	2.117657	0.020966
215.936285	2.117588	0.021026
216.995065	2.117522	0.021086
218.053807	2.117462	0.021150
219.112527	2.117412	0.021214
220.171219	2.117354	0.021274
221.229881	2.117294	0.021334
222.288513	2.117231	0.021394
223.347112	2.117169	0.021456
224.405682	2.117115	0.021520
225.464227	2.117051	0.021582
226.522733	2.116990	0.021646
227.581217	2.116945	0.021710
228.639678	2.116892	0.021768
229.698109	2.116831	0.021826
230.756509	2.116778	0.021894
231.814887	2.116721	0.021966
232.873230	2.116666	0.022028
233.931553	2.116610	0.022086
234.989840	2.116554	0.022148
236.048107	2.116496	0.022214
237.106336	2.116436	0.022276
238.164543	2.116395	0.022338
239.222731	2.116348	0.022406
240.280891	2.116277	0.022474
241.339008	2.116216	0.022540
242.397107	2.116172	0.022606
243.455180	2.116121	0.022672
244.513228	2.116071	0.022740
245.571251	2.116026	0.022806
246.629254	2.115976	0.022872
247.687227	2.115927	0.022938
248.745181	2.115874	0.023002
249.803101	2.115819	0.023066
250.861000	2.115768	0.023136
251.918869	2.115720	0.023206
252.976720	2.115681	0.023272
254.034550	2.115637	0.023340
255.092357	2.115584	0.023410
256.150134	2.115530	0.023480
257.207887	2.115480	0.023546
258.265614	2.115434	0.023608
259.323321	2.115396	0.023678
260.381010	2.115354	0.023752
261.438675	2.115303	0.023818
262.496313	2.115262	0.023886
263.553937	2.115220	0.023958
264.611533	2.115167	0.024026
265.669104	2.115114	0.024096
266.726647	2.115064	0.024170
267.784168	2.115019	0.024240
268.841666	2.114985	0.024308
269.899153	2.114937	0.024378
270.956603	2.114878	0.024450
272.014031	2.114834	0.024522
273.071437	2.114802	0.024594
274.128833	2.114760	0.024666
275.186197	2.114706	0.024738
276.243539	2.114661	0.024810
277.300858	2.114624	0.024880
278.358163	2.114583	0.024954
279.415441	2.114541	0.025026
280.472704	2.114501	0.025100
281.529942	2.114453	0.025176
282.587157	2.114397	0.025246
283.644339	2.114348	0.025318
284.701505	2.114311	0.025394
285.758650	2.114273	0.025468
286.815778	2.114233	0.025540
287.872883	2.114189	0.025614
288.929967	2.114144	0.025690
289.987027	2.114099	0.025766
291.044066	2.114044	0.025840
292.101071	2.113993	0.025914
293.158059	2.113960	0.025990
294.215031	2.113933	0.026066
295.271992	2.113895	0.026144
296.328926	2.113854	0.026224
297.385846	2.113817	0.026300
298.442743	2.113779	0.026374
299.499625	2.113731	0.026450
300.556474	2.113678	0.026524
301.613303	2.113642	0.026602
302.670116	2.113611	0.026684
303.726914	2.113566	0.026764
304.783682	2.113526	0.026844
305.840440	2.113489	0.026924
306.897171	2.113448	0.027002
307.953888	2.113403	0.027076
309.010574	2.113364	0.027152
310.067252	2.113342	0.027232
311.123916	2.113302	0.027316
312.180554	2.113247	0.027396
313.237163	2.113218	0.027474
314.293772	2.113195	0.027556
315.350358	2.113154	0.027636
316.406926	2.113115	0.027720
317.463473	2.113079	0.027802
318.520005	2.113037	0.027882
319.576510	2.112994	0.027964
320.632999	2.112961	0.028046
321.689471	2.112929	0.028126
322.745928	2.112895	0.028208
323.802366	2.112859	0.028284
324.858787	2.112816	0.028366
325.915182	2.112777	0.028456
326.971564	2.112749	0.028540
328.027931	2.112718	0.028626
329.084282	2.112690	0.028704
330.140621	2.112657	0.028782
331.196939	2.112621	0.028866
332.253242	2.112587	0.028952
333.309526	2.112546	0.029040
334.365788	2.112501	0.029124
335.422027	2.112483	0.029206
336.478271	2.112425	0.029298
337.534452	2.112365	0.029384
338.590636	2.112365	0.029464
339.646817	2.112338	0.029550
340.702974	2.112301	0.029636
341.759118	2.112266	0.029720
342.815240	2.112234	0.029808
343.871352	2.112178	0.029896
344.927418	2.112135	0.029984
345.983487	2.112121	0.030074
347.039539	2.112104	0.030158
348.095591	2.112071	0.030246
349.151610	2.112033	0.030336
350.207624	2.111989	0.030416
351.263599	2.111942	0.030502
352.319566	2.111911	0.030596
353.375510	2.111886	0.030688
354.431452	2.111864	0.030780
355.487374	2.111817	0.030868
356.543269	2.111770	0.030958
357.599144	2.111744	0.031044
358.655013	2.111720	0.031134
359.710864	2.111676	0.031224
360.766689	2.111618	0.031306
361.822482	2.111583	0.031396
362.878272	2.111565	0.031484
363.934047	2.111538	0.031574
364.989810	2.111498	0.031664
366.045545	2.111458	0.031750
367.101268	2.111437	0.031840
368.156982	2.111418	0.031932
369.212686	2.111386	0.032020
370.268368	2.111348	0.032104
371.324034	2.111327	0.032192
372.379695	2.111315	0.032282
373.435349	2.111283	0.032370
374.490978	2.111246	0.032460
375.546595	2.111246	0.032550
376.602224	2.111207	0.032636
377.657802	2.111126	0.032724
378.713350	2.111135	0.032812
379.768937	2.111134	0.032902
380.824484	2.111094	0.032996
381.880031	2.111065	0.033086
382.935549	2.111032	0.033178
383.991063	2.110987	0.033270
385.046536	2.110953	0.033352
386.102016	2.110951	0.033444
387.157487	2.110932	0.033546
388.212948	2.110882	0.033640
389.268369	2.110833	0.033734
390.323781	2.110821	0.033826
391.379190	2.110803	0.033916
392.434584	2.110784	0.034008
393.489974	2.110769	0.034100
394.545353	2.110751	0.034194
395.600725	2.110736	0.034290
396.656089	2.110709	0.034386
397.711434	2.110677	0.034476
398.766766	2.110652	0.034572
399.822086	2.110625	0.034664
400.877391	2.110603	0.034758
401.932689	2.110582	0.034862
402.987973	2.110560	0.034962
404.043249	2.110555	0.035062
405.098528	2.110550	0.035156
406.153799	2.110553	0.035246
407.209081	2.110532	0.035342
408.264331	2.110493	0.035446
409.319574	2.110467	0.035544
410.374798	2.110451	0.035640
411.430025	2.110434	0.035734
412.485232	2.110412	0.035832
413.540437	2.110400	0.035938
414.595632	2.110381	0.036032
415.650818	2.110360	0.036128
416.705992	2.110336	0.036228
417.761154	2.110308	0.036328
418.816300	2.110290	0.036432
419.871444	2.110263	0.036528
420.926563	2.110238	0.036626
421.981682	2.110223	0.036728
423.036786	2.110206	0.036832
424.091888	2.110182	0.036936
425.146968	2.110155	0.037036
426.202043	2.110135	0.037138
427.257103	2.110126	0.037242
428.312169	2.110100	0.037338
429.367203	2.110066	0.037438
430.422235	2.110051	0.037546
431.477254	2.110030	0.037652
432.532265	2.110008	0.037750
433.587262	2.109996	0.037852
434.642261	2.109964	0.037966
435.697226	2.109920	0.038076
436.752181	2.109907	0.038178
437.807133	2.109885	0.038274
438.862066	2.109872	0.038384
439.917005	2.109873	0.038498
440.971939	2.109856	0.038602
442.026861	2.109833	0.038702
443.081772	2.109795	0.038804
444.136656	2.109770	0.038912
445.191542	2.109763	0.039024
446.246419	2.109762	0.039134
447.301304	2.109746	0.039240
448.356165	2.109730	0.039346
449.411034	2.109711	0.039456
450.465876	2.109685	0.039564
451.520719	2.109674	0.039678
452.575550	2.109662	0.039792
453.630381	2.109631	0.039898
454.685181	2.109598	0.040006
455.739979	2.109588	0.040114
456.794769	2.109570	0.040226
457.849549	2.109541	0.040342
458.904310	2.109519	0.040444
459.959068	2.109507	0.040552
461.013817	2.109494	0.040674
462.068562	2.109464	0.040788
463.123281	2.109441	0.040894
464.178003	2.109437	0.041006
465.232718	2.109422	0.041128
466.287425	2.109401	0.041246
467.342119	2.109378	0.041354
468.396803	2.109353	0.041466
469.451472	2.109341	0.041584
470.506144	2.109327	0.041704
471.560799	2.109310	0.041822
472.615454	2.109286	0.041940
473.670085	2.109259	0.042058
474.724713	2.109253	0.042166
475.779338	2.109248	0.042280
476.833961	2.109237	0.042406
477.888575	2.109226	0.042530
478.943187	2.109202	0.042650
479.997777	2.109164	0.042766
481.052351	2.109144	0.042882
482.106921	2.109148	0.043002
483.161499	2.109145	0.043122
484.216066	2.109126	0.043240
485.270625	2.109100	0.043362
486.325166	2.109077	0.043488
487.379702	2.109054	0.043612
488.434220	2.109033	0.043732
489.488735	2.109018	0.043854
490.543238	2.109013	0.043984
491.597748	2.108987	0.044108
492.652225	2.108963	0.044230
493.706711	2.108961	0.044350
494.761186	2.108949	0.044472
495.815660	2.108933	0.044600
496.870119	2.108923	0.044726
497.924583	2.108896	0.044850
498.979015	2.108863	0.044974
500.033446	2.108849	0.045096
501.087864	2.108844	0.045224
502.142290	2.108843	0.045360
503.196707	2.108839	0.045482
504.251129	2.108820	0.045606
505.305527	2.108802	0.045730
506.359931	2.108779	0.045858
507.414306	2.108763	0.045996
508.468694	2.108754	0.046124
509.523060	2.108707	0.046248
510.577401	2.108675	0.046378
511.631735	2.108684	0.046510
512.686085	2.108674	0.046642
513.740409	2.108659	0.046774
514.794744	2.108649	0.046904
515.849058	2.108628	0.047028
516.903372	2.108599	0.047160
517.957657	2.108581	0.047298
519.011953	2.108595	0.047434
520.066252	2.108583	0.047568
521.120536	2.108534	0.047700
522.174786	2.108503	0.047836
523.229039	2.108523	0.047962
524.283309	2.108529	0.048094
525.337568	2.108499	0.048228
526.391808	2.108476	0.048364
527.446044	2.108469	0.048504
528.500277	2.108455	0.048638
529.554499	2.108428	0.048778
530.608705	2.108415	0.048918
531.662914	2.108391	0.049056
532.717096	2.108375	0.049184
533.771289	2.108356	0.049322
534.825452	2.108332	0.049468
535.879621	2.108309	0.049598
536.933761	2.108290	0.049726
537.987911	2.108298	0.049870
539.042059	2.108284	0.050014
540.096195	2.108257	0.050150
541.150316	2.108264	0.050280
542.204459	2.108233	0.050414
543.258549	2.108186	0.050558
544.312645	2.108191	0.050702
545.366740	2.108196	0.050840
546.420841	2.108187	0.050982
547.474927	2.108175	0.051122
548.529016	2.108150	0.051260
549.583077	2.108126	0.051406
550.637142	2.108114	0.051548
551.691191	2.108096	0.051686
552.745238	2.108093	0.051828
553.799284	2.108092	0.051980
554.853330	2.108069	0.052124
555.907353	2.108052	0.052262
556.961382	2.108035	0.052408
558.015388	2.108004	0.052548
559.069386	2.108006	0.052684
560.123394	2.108015	0.052832
561.177401	2.107982	0.052982
562.231376	2.107961	0.053124
563.285362	2.107948	0.053264
564.339324	2.107928	0.053412
565.393290	2.107927	0.053560
566.447251	2.107936	0.053702
567.501226	2.107917	0.053852
568.555168	2.107880	0.054000
569.609106	2.107855	0.054148
570.663023	2.107836	0.054298
571.716942	2.107815	0.054440
572.770838	2.107807	0.054584
573.824749	2.107815	0.054738
574.878653	2.107804	0.054886
575.932553	2.107786	0.055034
576.986439	2.107786	0.055178
578.040339	2.107760	0.055322
579.094199	2.107710	0.055466
580.148049	2.107697	0.055614
581.201896	2.107700	0.055768
582.255749	2.107693	0.055922
583.309589	2.107680	0.056074
584.363429	2.107650	0.056222
585.417239	2.107636	0.056362
586.471065	2.107643	0.056514
587.524882	2.107639	0.056680
588.578704	2.107626	0.056832
589.632508	2.107609	0.056984
590.686313	2.107606	0.057142
591.740114	2.107607	0.057296
592.793920	2.107591	0.057444
593.847705	2.107578	0.057594
594.901498	2.107571	0.057752
595.955276	2.107561	0.057908
597.009059	2.107546	0.058062
598.062822	2.107529	0.058216
599.116588	2.107512	0.058380
600.170334	2.107497	0.058536
601.224085	2.107487	0.058690
602.277821	2.107479	0.058846
603.331564	2.107469	0.059000
604.385290	2.107460	0.059160
605.439024	2.107446	0.059320
606.492736	2.107428	0.059488
607.546452	2.107425	0.059652
608.600161	2.107412	0.059810
609.653864	2.107390	0.059968
610.707551	2.107368	0.060126
611.761232	2.107372	0.060284
612.814923	2.107370	0.060446
613.868602	2.107335	0.060608
614.922258	2.107327	0.060764
615.975929	2.107321	0.060926
617.029579	2.107300	0.061094
618.083229	2.107294	0.061254
619.136873	2.107292	0.061410
620.190521	2.107276	0.061578
621.244149	2.107263	0.061746
622.297784	2.107241	0.061908
623.351390	2.107220	0.062072
624.405004	2.107220	0.062236
625.458610	2.107220	0.062392
626.512224	2.107188	0.062556
627.565798	2.107192	0.062728
628.619416	2.107200	0.062900
629.672998	2.107170	0.063064
630.726586	2.107159	0.063228
631.780157	2.107148	0.063390
632.833734	2.107140	0.063556
633.887297	2.107133	0.063734
634.940867	2.107146	0.063898
635.994443	2.107123	0.064062
637.047990	2.107076	0.064228
638.101519	2.107068	0.064378
639.155058	2.107041	0.064536
640.208560	2.107034	0.064716
641.262092	2.107047	0.064888
642.315607	2.107033	0.065046
643.369125	2.107022	0.065218
644.422629	2.107019	0.065390
645.476144	2.106996	0.065560
646.529625	2.106980	0.065734
647.583124	2.106997	0.065900
648.636622	2.107000	0.066068
649.690124	2.106982	0.066236
650.743604	2.106952	0.066396
651.797076	2.106928	0.066568
652.850532	2.106935	0.066740
653.904011	2.106931	0.066914
654.957463	2.106916	0.067090
656.010927	2.106920	0.067254
657.064383	2.106908	0.067426
658.117835	2.106910	0.067602
659.171293	2.106906	0.067770
660.224741	2.106858	0.067942
661.278151	2.106837	0.068118
662.331578	2.106835	0.068288
663.384986	2.106845	0.068444
664.438423	2.106852	0.068614
665.491838	2.106834	0.068800
666.545257	2.106822	0.068978
667.598660	2.106802	0.069156
668.652059	2.106787	0.069334
669.705447	2.106779	0.069506
670.758838	2.106759	0.069676
671.812206	2.106755	0.069852
672.865593	2.106758	0.070026
673.918964	2.106745	0.070188
674.972338	2.106740	0.070364
676.025704	2.106748	0.070544
677.079086	2.106752	0.070716
678.132456	2.106752	0.070896
679.185838	2.106737	0.071080
680.239193	2.106719	0.071258
681.292557	2.106699	0.071434
682.345892	2.106684	0.071616
683.399241	2.106690	0.071786
684.452582	2.106680	0.071952
685.505921	2.106655	0.072138
686.559237	2.106643	0.072326
687.612564	2.106644	0.072508
688.665881	2.106632	0.072690
689.719196	2.106602	0.072860
690.772483	2.106589	0.073038
691.825785	2.106598	0.073226
692.879081	2.106595	0.073414
693.932380	2.106592	0.073596
694.985673	2.106584	0.073766
696.038964	2.106553	0.073952
697.092226	2.106546	0.074132
698.145510	2.106549	0.074316
699.198775	2.106530	0.074506
700.252040	2.106508	0.074692
701.305283	2.106506	0.074878
702.358546	2.106513	0.075056
703.411796	2.106487	0.075232
704.465033	2.106487	0.075418
705.518283	2.106515	0.075602
706.571548	2.106483	0.075788
707.624766	2.106468	0.075980
708.678016	2.106476	0.076160
709.731242	2.106450	0.076332
710.784466	2.106425	0.076520
711.837667	2.106426	0.076726
712.890892	2.106441	0.076912
713.944108	2.106434	0.077092
714.997326	2.106434	0.077260
716.050542	2.106400	0.077452
717.103726	2.106371	0.077668
718.156913	2.106390	0.077858
719.210116	2.106386	0.078044
720.263299	2.106372	0.078222
721.316488	2.106356	0.078408
722.369655	2.106347	0.078594
723.422835	2.106339	0.078782
724.475994	2.106331	0.078976
725.529166	2.106318	0.079156
726.582312	2.106316	0.079336
727.635482	2.106335	0.079532
728.688647	2.106300	0.079726
729.741782	2.106280	0.079916
730.794927	2.106283	0.080102
731.848065	2.106263	0.080282
732.901190	2.106254	0.080468
733.954319	2.106226	0.080654
735.007416	2.106242	0.080844
736.060561	2.106239	0.081034
737.113655	2.106195	0.081210
738.166756	2.106221	0.081396
739.219876	2.106241	0.081580
740.272997	2.106237	0.081766
741.326113	2.106260	0.081970
742.379257	2.106216	0.082158
743.432329	2.106185	0.082342
744.485442	2.106192	0.082548
745.538521	2.106179	0.082730
746.591621	2.106204	0.082910
747.644725	2.106193	0.083106
748.697814	2.106152	0.083288
749.750877	2.106121	0.083474
750.803935	2.106145	0.083678
751.857022	2.106182	0.083880
752.910117	2.106131	0.084070
753.963153	2.106103	0.084262
755.016220	2.106142	0.084468
756.069295	2.106119	0.084666
757.122339	2.106041	0.084862
758.175336	2.106081	0.085056
759.228420	2.106138	0.085248
760.281474	2.106079	0.085448
761.334499	2.106030	0.085642
762.387504	2.106034	0.085844
763.440533	2.106046	0.086050
764.493550	2.106058	0.086256
765.546591	2.106002	0.086450
766.599552	2.105977	0.086636
767.652568	2.106031	0.086788
768.705583	2.106056	0.086982
769.758624	2.106045	0.087224
770.811628	2.106019	0.087432
771.864643	2.105992	0.087646
772.917620	2.105977	0.087844
773.970620	2.105963	0.088036
775.023583	2.105948	0.088246
776.076568	2.105967	0.088456
777.129550	2.105960	0.088660
778.182528	2.105965	0.088872
779.235515	2.105960	0.089086
780.288488	2.105930	0.089284
781.341445	2.105921	0.089482
782.394409	2.105915	0.089694
783.447360	2.105921	0.089900
784.500330	2.105931	0.090108
785.553291	2.105931	0.090314
786.606261	2.105934	0.090522
787.659225	2.105921	0.090734
788.712182	2.105898	0.090936
789.765123	2.105893	0.091138
790.818075	2.105895	0.091350
791.871018	2.105888	0.091564
792.923963	2.105867	0.091778
793.976885	2.105857	0.091978
795.029820	2.105865	0.092180
796.082750	2.105869	0.092392
797.135689	2.105852	0.092606
798.188602	2.105835	0.092812
799.241524	2.105836	0.093020
800.294438	2.105845	0.093236
801.347369	2.105821	0.093454
802.400259	2.105810	0.093666
803.453179	2.105823	0.093870
804.506082	2.105813	0.094096
805.558992	2.105801	0.094316
806.611883	2.105780	0.094526
807.664772	2.105771	0.094736
808.717654	2.105773	0.094940
809.770545	2.105767	0.095154
810.823421	2.105762	0.095370
811.876307	2.105743	0.095590
812.929164	2.105725	0.095792
813.982032	2.105731	0.096004
815.034895	2.105745	0.096222
816.087777	2.105737	0.096438
817.140632	2.105732	0.096652
818.193509	2.105722	0.096870
819.246354	2.105702	0.097104
820.299211	2.105724	0.097314
821.352078	2.105741	0.097520
822.404952	2.105696	0.097748
823.457774	2.105662	0.097972
824.510614	2.105672	0.098180
825.563446	2.105677	0.098400
826.616291	2.105667	0.098630
827.669113	2.105673	0.098850
828.721964	2.105677	0.099072
829.774790	2.105655	0.099296
830.827619	2.105635	0.099514
831.880425	2.105636	0.099730
832.933255	2.105651	0.099954
833.986076	2.105642	0.100180
835.038897	2.105625	0.100398
836.091701	2.105622	0.100626
837.144519	2.105606	0.100850
838.197307	2.105610	0.101070
839.250129	2.105630	0.101306
840.302937	2.105621	0.101538
841.355750	2.105614	0.101768
842.408551	2.105604	0.102002
843.461354	2.105571	0.102228
844.514122	2.105559	0.102448
845.566913	2.105574	0.102674
846.619696	2.105575	0.102908
847.672488	2.105563	0.103136
848.725259	2.105557	0.103362
849.778045	2.105544	0.103606
850.830803	2.105539	0.103842
851.883584	2.105547	0.104072
852.936350	2.105545	0.104304
853.989129	2.105518	0.104534
855.041868	2.105504	0.104780
856.094633	2.105532	0.105022
857.147400	2.105538	0.105256
858.200171	2.105508	0.105498
859.252908	2.105486	0.105748
860.305657	2.105486	0.105978
861.358394	2.105482	0.106200
862.411139	2.105476	0.106442
863.463870	2.105479	0.106684
864.516618	2.105478	0.106932
865.569348	2.105458	0.107180
866.622076	2.105460	0.107424
867.674808	2.105476	0.107672
868.727552	2.105463	0.107912
869.780271	2.105458	0.108134
870.833010	2.105463	0.108368
871.885734	2.105449	0.108612
872.938459	2.105447	0.108846
873.991181	2.105450	0.109078
875.043909	2.105424	0.109330
876.096605	2.105404	0.109566
877.149313	2.105453	0.109786
878.202058	2.105434	0.110028
879.254747	2.105386	0.110266
880.307444	2.105409	0.110492
881.360156	2.105421	0.110736
882.412865	2.105432	0.110978
883.465588	2.105402	0.111228
884.518267	2.105382	0.111478
885.570970	2.105383	0.111728
886.623650	2.105365	0.111976
887.676335	2.105358	0.112214
888.729008	2.105378	0.112456
889.781713	2.105385	0.112702
890.834393	2.105354	0.112962
891.887067	2.105334	0.113230
892.939727	2.105346	0.113486
893.992413	2.105358	0.113734
895.045085	2.105360	0.113978
896.097773	2.105349	0.114234
897.150434	2.105342	0.114492
898.203115	2.105284	0.114734
899.255718	2.105293	0.114988
900.308408	2.105299	0.115252
901.361017	2.105254	0.115522
902.413662	2.105272	0.115780
903.466289	2.105270	0.116022
904.518932	2.105276	0.116268
905.571565	2.105297	0.116538
906.624229	2.105304	0.116814
907.676869	2.105298	0.117062
908.729527	2.105282	0.117326
909.782151	2.105262	0.117590
910.834789	2.105262	0.117854
911.887413	2.105258	0.118130
912.940047	2.105256	0.118402
913.992669	2.105252	0.118670
915.045299	2.105240	0.118930
916.097909	2.105235	0.119194
917.150534	2.105215	0.119448
918.203124	2.105183	0.119716
919.255717	2.105176	0.119990
920.308300	2.105178	0.120260
921.360895	2.105180	0.120526
922.413480	2.105190	0.120788
923.466085	2.105191	0.121066
924.518671	2.105183	0.121334
925.571268	2.105171	0.121604
926.623842	2.105166	0.121876
927.676434	2.105154	0.122152
928.728996	2.105146	0.122424
929.781580	2.105153	0.122696
930.834149	2.105138	0.122978
931.886718	2.105117	0.123244
932.939266	2.105120	0.123496
933.991838	2.105118	0.123768
935.044384	2.105134	0.124040
936.096972	2.105146	0.124320
937.149530	2.105124	0.124604
938.202096	2.105090	0.124876
939.254620	2.105066	0.125156
940.307162	2.105075	0.125428
941.359695	2.105069	0.125714
942.412231	2.105058	0.126002
943.464753	2.105067	0.126286
944.517298	2.105059	0.126572
945.569812	2.105057	0.126856
946.622355	2.105059	0.127138
947.674871	2.105045	0.127402
948.727400	2.105041	0.127684
949.779912	2.105051	0.127968
950.832451	2.105041	0.128250
951.884953	2.105036	0.128518
952.937487	2.105044	0.128814
953.989997	2.105041	0.129118
955.042528	2.105099	0.129408
956.095096	2.105026	0.129680
957.147554	2.104945	0.129944
958.200041	2.104989	0.130242
959.252543	2.105009	0.130530
960.305050	2.105026	0.130824
961.357569	2.105003	0.131106
962.410053	2.104985	0.131382
963.462554	2.104985	0.131688
964.515038	2.104987	0.131988
965.567541	2.104996	0.132282
966.620034	2.104990	0.132580
967.672531	2.104955	0.132870
968.724989	2.104951	0.133154
969.777482	2.104958	0.133464
970.829947	2.104947	0.133770
971.882429	2.104945	0.134054
972.934892	2.104940	0.134352
973.987369	2.104931	0.134654
975.039823	2.104926	0.134958
976.092295	2.104909	0.135266
977.144732	2.104900	0.135568
978.197195	2.104915	0.135862
979.249647	2.104908	0.136170
980.302103	2.104875	0.136490
981.354522	2.104866	0.136780
982.406969	2.104881	0.137074
983.459403	2.104887	0.137374
984.511856	2.104907	0.137692
985.564310	2.104909	0.138012
986.616765	2.104879	0.138302
987.669189	2.104874	0.138598
988.721639	2.104856	0.138922
989.774045	2.104836	0.139238
990.826475	2.104859	0.139534
991.878904	2.104861	0.139852
992.931336	2.104842	0.140168
993.983746	2.104831	0.140476
995.036167	2.104818	0.140790
996.088564	2.104833	0.141080
997.141000	2.104843	0.141396
998.193407	2.104820	0.141710
999.245820	2.104810	0.142020
1000.298217	2.104804	0.142346
1001.350624	2.104806	0.142648
1002.403023	2.104797	0.142970
1003.455421	2.104749	0.143298
1004.507772	2.104729	0.143612
1005.560150	2.104747	0.143912
1006.612519	2.104713	0.144238
1007.664863	2.104676	0.144566
1008.717195	2.104741	0.144866
1009.769604	2.104732	0.145200
1010.821927	2.104693	0.145526
1011.874297	2.104724	0.145830
1012.926651	2.104711	0.146134
1013.979008	2.104708	0.146452
1015.031359	2.104706	0.146802
1016.083714	2.104689	0.147128
1017.136048	2.104685	0.147420
1018.188399	2.104712	0.147738
1019.240760	2.104726	0.148068
1020.293125	2.104681	0.148398
1021.345441	2.104676	0.148730
1022.397801	2.104683	0.149062
1023.450124	2.104676	0.149384
1024.502477	2.104688	0.149706
1025.554812	2.104687	0.150020
1026.607164	2.104672	0.150348
1027.659484	2.104645	0.150696
1028.711809	2.104625	0.151030
1029.764109	2.104643	0.151362
1030.816452	2.104657	0.151716
1031.868766	2.104634	0.152064
1032.921086	2.104628	0.152376
1033.973394	2.104638	0.152696
1035.025724	2.104627	0.153036
1036.078021	2.104603	0.153362
1037.130327	2.104595	0.153682
1038.182616	2.104615	0.154004
1039.234942	2.104581	0.154344
1040.287197	2.104539	0.154702
1041.339481	2.104576	0.155038
1042.391773	2.104588	0.155354
1043.444069	2.104542	0.155694
1044.496315	2.104537	0.156034
1045.548606	2.104573	0.156372
1046.600888	2.104558	0.156712
1047.653164	2.104530	0.157028
1048.705418	2.104546	0.157368
1049.757710	2.104557	0.157728
1050.809975	2.104549	0.158054
1051.862259	2.104513	0.158378
1052.914488	2.104500	0.158712
1053.966759	2.104509	0.159050
1055.018997	2.104498	0.159382
1056.071257	2.104506	0.159710
1057.123503	2.104513	0.160046
1058.175770	2.104471	0.160376
1059.227974	2.104473	0.160720
1060.280243	2.104527	0.161070
1061.332501	2.104503	0.161422
1062.384746	2.104464	0.161764
1063.436965	2.104470	0.162102
1064.489216	2.104452	0.162468
1065.541417	2.104433	0.162810
1066.593649	2.104455	0.163118
1067.645872	2.104473	0.163456
1068.698122	2.104472	0.163808
1069.750344	2.104447	0.164140
1070.802569	2.104428	0.164490
1071.854772	2.104425	0.164852
1072.906994	2.104413	0.165188
1073.959185	2.104415	0.165518
1075.011409	2.104391	0.165886
1076.063576	2.104379	0.166248
1077.115788	2.104389	0.166584
1078.167965	2.104383	0.166926
1079.220171	2.104402	0.167270
1080.272367	2.104370	0.167622
1081.324541	2.104325	0.167978
1082.376692	2.104361	0.168316
1083.428902	2.104385	0.168668
1084.481077	2.104360	0.169026
1085.533262	2.104358	0.169380
1086.585435	2.104338	0.169730
1087.637600	2.104297	0.170072
1088.689732	2.104323	0.170420
1089.741923	2.104331	0.170778
1090.794063	2.104295	0.171130
1091.846218	2.104320	0.171476
1092.898383	2.104344	0.171870
1093.950562	2.104323	0.172244
1095.002706	2.104311	0.172588
1096.054873	2.104283	0.172946
1097.106989	2.104266	0.173302
1098.159139	2.104264	0.173666
1099.211253	2.104245	0.174022
1100.263384	2.104255	0.174380
1101.315508	2.104233	0.174720
1102.367617	2.104223	0.175066
1103.419731	2.104286	0.175434
1104.471903	2.104255	0.175790
1105.523986	2.104230	0.176112
1106.576133	2.104224	0.176438
1107.628210	2.104215	0.176756
1108.680348	2.104202	0.177108
1109.732412	2.104160	0.177472
1110.784508	2.104133	0.177808
1111.836545	2.104133	0.178214
1112.888641	2.104246	0.178570
1113.940791	2.104149	0.178834
1114.992790	2.104092	0.179152
1116.044883	2.104203	0.179546
1117.096993	2.104183	0.179906
1118.149066	2.104151	0.180232
1119.201144	2.104145	0.180572
1120.253211	2.104129	0.180898
1121.305273	2.104097	0.181230
1122.357308	2.104104	0.181552
1123.409377	2.104132	0.181906
1124.461440	2.104127	0.182260
1125.513504	2.104115	0.182584
1126.565555	2.104149	0.182910
1127.617653	2.104075	0.183266
1128.669630	2.104090	0.183600
1129.721743	2.104159	0.183954
1130.773789	2.104006	0.184310
1131.825749	2.104024	0.184602
1132.877813	2.104122	0.184914
1133.929871	2.104043	0.185258
1134.981856	2.104011	0.185576
1136.033882	2.104050	0.185880
1137.085906	2.104085	0.186196
1138.137967	2.104046	0.186570
1139.189952	2.104030	0.186920
1140.241997	2.104055	0.187218
1141.294007	2.104037	0.187562
1142.346034	2.104066	0.187900
1143.398073	2.104075	0.188278
1144.450109	2.103996	0.188678
1145.502069	2.104006	0.188946
1146.554115	2.104048	0.189234
1147.606117	2.104032	0.189610
1148.658147	2.104044	0.189950
1149.710161	2.104031	0.190278
1150.762178	2.103964	0.190620
1151.814125	2.104042	0.190946
1152.866220	2.104125	0.191260
1153.918250	2.103958	0.191608
1154.970178	2.103813	0.191960
1156.022063	2.104026	0.192270
1157.074204	2.104059	0.192592
1158.126122	2.103904	0.192984
1159.178108	2.103993	0.193340
1160.230115	2.103980	0.193638
1161.282088	2.103969	0.193968
1162.334084	2.103985	0.194328
1163.386073	2.103966	0.194686
1164.438050	2.103972	0.195032
1165.490045	2.103917	0.195338
1166.541967	2.103803	0.195698
1167.593848	2.103946	0.196076
1168.645913	2.104096	0.196334
1169.697944	2.103922	0.196688
1170.749835	2.103839	0.197046
1171.801783	2.103922	0.197382
1172.853757	2.103886	0.197710
1173.905669	2.103894	0.197994
1174.957651	2.103935	0.198366
1176.009604	2.103896	0.198732
1177.061547	2.103903	0.199090
1178.113507	2.103859	0.199450
1179.165406	2.103851	0.199772
1180.217358	2.103904	0.200100
1181.269310	2.103931	0.200436
1182.321289	2.103930	0.200766
1183.373240	2.103900	0.201100
1184.425189	2.103897	0.201462
1185.477137	2.103896	0.201806
1186.529085	2.103854	0.202110
1187.580991	2.103798	0.202430
1188.632883	2.103856	0.202742
1189.684847	2.103925	0.203034
1190.736808	2.103885	0.203344
1191.788732	2.103834	0.203660
1192.840642	2.103740	0.203964
1193.892472	2.103770	0.204316
1194.944412	2.103848	0.204692
1195.996320	2.103828	0.205012
1197.048240	2.103813	0.205324
1198.100133	2.103827	0.205642
1199.152067	2.103789	0.205970
1200.203922	2.103790	0.206268
1201.255857	2.103884	0.206570
1202.307806	2.103846	0.206880
1203.359703	2.103806	0.207182
1204.411612	2.103791	0.207532
1205.463494	2.103804	0.207868
1206.515416	2.103841	0.208200
1207.567335	2.103783	0.208510
1208.619199	2.103794	0.208822
1209.671129	2.103842	0.209178
1210.723041	2.103841	0.209534
1211.774970	2.103761	0.209876
1212.826802	2.103796	0.210168
1213.878766	2.103852	0.210476
1214.930654	2.103801	0.210816
1215.982567	2.103825	0.211146
1217.034479	2.103805	0.211466
1218.086372	2.103775	0.211764
1219.138254	2.103827	0.212108
1220.190199	2.103858	0.212478
1221.242112	2.103826	0.212788
1222.294025	2.103794	0.213070
1223.345906	2.103805	0.213384
1224.397830	2.103799	0.213728
1225.449705	2.103756	0.214038
1226.501586	2.103741	0.214376
1227.553446	2.103759	0.214748
1228.605345	2.103793	0.215050
1229.657239	2.103790	0.215374
1230.709135	2.103707	0.215722
1231.760946	2.103748	0.216004
1232.812883	2.103787	0.216318
1233.864733	2.103754	0.216646
1234.916637	2.103778	0.216950
1235.968511	2.103782	0.217278
1237.020419	2.103764	0.217622
1238.072275	2.103711	0.217962
1239.124130	2.103715	0.218284
1240.175990	2.103721	0.218620
1241.227851	2.103738	0.218962
1242.279728	2.103769	0.219264
1243.331620	2.103748	0.219592
1244.383476	2.103750	0.219924
1245.435370	2.103765	0.220252
1246.487241	2.103732	0.220606
1247.539102	2.103713	0.220928
1248.590954	2.103739	0.221240
1249.642841	2.103738	0.221570
1250.694692	2.103740	0.221916
1251.746581	2.103758	0.222266
1252.798450	2.103762	0.222616
1253.850343	2.103732	0.222946
1254.902182	2.103723	0.223256
1255.954066	2.103795	0.223580
1257.005977	2.103781	0.223906
1258.057847	2.103687	0.224250
1259.109664	2.103677	0.224596
1260.161524	2.103744	0.224944
1261.213408	2.103803	0.225232
1262.265327	2.103750	0.225550
1263.317158	2.103688	0.225932
1264.369015	2.103671	0.226278
1265.420829	2.103685	0.226618
1266.472700	2.103715	0.226968
1267.524544	2.103689	0.227308
1268.576389	2.103710	0.227646
1269.628254	2.103720	0.227964
1270.680109	2.103669	0.228294
1271.731923	2.103677	0.228630
1272.783786	2.103701	0.228968
1273.835624	2.103704	0.229328
1274.887490	2.103695	0.229640
1275.939319	2.103696	0.229950
1276.991186	2.103705	0.230304
1278.043024	2.103696	0.230660
1279.094882	2.103697	0.231008
1280.146721	2.103683	0.231362
1281.198565	2.103683	0.231714
1282.250404	2.103735	0.232072
1283.302300	2.103702	0.232416
1284.354106	2.103647	0.232720
1285.405947	2.103692	0.233062
1286.457798	2.103651	0.233384
1287.509598	2.103674	0.233716
1288.561472	2.103729	0.234072
1289.613327	2.103707	0.234378
1290.665179	2.103710	0.234738
1291.717037	2.103688	0.235102
1292.768867	2.103670	0.235442
1293.820707	2.103662	0.235782
1294.872529	2.103689	0.236086
1295.924396	2.103675	0.236432
1296.976204	2.103705	0.236800
1298.028101	2.103724	0.237150
1299.079928	2.103679	0.237496
1300.131780	2.103628	0.237820
1301.183556	2.103628	0.238164
1302.235408	2.103658	0.238520
1303.287214	2.103665	0.238900
1304.339073	2.103705	0.239258
1305.390919	2.103692	0.239598
1306.442765	2.103685	0.239974
1307.494604	2.103666	0.240336
1308.546431	2.103637	0.240682
1309.598241	2.103671	0.241038
1310.650102	2.103652	0.241376
1311.701893	2.103629	0.241678
1312.753731	2.103654	0.242014
1313.805547	2.103650	0.242338
1314.857381	2.103648	0.242662
1315.909195	2.103636	0.243038
1316.961017	2.103648	0.243382
1318.012843	2.103644	0.243682
1319.064661	2.103707	0.244062
1320.116550	2.103704	0.244464
1321.168365	2.103632	0.244826
1322.220182	2.103633	0.245184
1323.271998	2.103591	0.245556
1324.323773	2.103589	0.245926
1325.375587	2.103588	0.246298
1326.427361	2.103566	0.246690
1327.479153	2.103597	0.247066
1328.530958	2.103671	0.247452
1329.582824	2.103646	0.247772
1330.634604	2.103526	0.248112
1331.686350	2.103478	0.248512
1332.738082	2.103586	0.248964
1333.789936	2.103654	0.249376
1334.841736	2.103625	0.249664
1335.893561	2.103587	0.250026
1336.945323	2.103570	0.250410
1337.997131	2.103625	0.250774
1339.048948	2.103612	0.251156
1340.100743	2.103596	0.251486
1341.152544	2.103549	0.251852
1342.204292	2.103525	0.252296
1343.256069	2.103598	0.252630
1344.307890	2.103608	0.252944
1345.359677	2.103595	0.253330
1346.411485	2.103624	0.253726
1347.463301	2.103583	0.254142
1348.515068	2.103498	0.254560
1349.566799	2.103508	0.254922
1350.618576	2.103495	0.255292
1351.670294	2.103501	0.255692
1352.722077	2.103568	0.256066
1353.773862	2.103585	0.256424
1354.825662	2.103572	0.256816
1355.877434	2.103613	0.257192
1356.929275	2.103640	0.257538
1357.981074	2.103635	0.257916
1359.032910	2.103601	0.258308
1360.084675	2.103559	0.258662
1361.136469	2.103589	0.259034
1362.188264	2.103572	0.259416
1363.240041	2.103547	0.259786
1364.291811	2.103573	0.260194
1365.343614	2.103537	0.260568
1366.395348	2.103567	0.260912
1367.447181	2.103622	0.261310
1368.498970	2.103519	0.261700
1369.550700	2.103482	0.262112
1370.602452	2.103566	0.262524
1371.654266	2.103587	0.262860
1372.706039	2.103701	0.263190
1373.757967	2.103474	0.263658
1374.809513	2.103426	0.264026
1375.861393	2.103591	0.264346
1376.913104	2.103515	0.264772
1377.964908	2.103571	0.265160
1379.016675	2.103564	0.265550
1380.068472	2.103579	0.265928
1381.120254	2.103560	0.266328
1382.172032	2.103521	0.266728
1383.223775	2.103535	0.267078
1384.275567	2.103569	0.267454
1385.327344	2.103512	0.267908
1386.379079	2.103511	0.268318
1387.430855	2.103587	0.268638
1388.482666	2.103496	0.269008
1389.534351	2.103478	0.269354
1390.586144	2.103540	0.269664
1391.637891	2.103573	0.269990
1392.689717	2.103565	0.270350
1393.741456	2.103528	0.270784
1394.793245	2.103561	0.271118
1395.845017	2.103523	0.271418
1396.896768	2.103557	0.271800
1397.948574	2.103616	0.272172
1399.000384	2.103559	0.272516
1400.052133	2.103552	0.272898
1401.103936	2.103529	0.273296
1402.155662	2.103470	0.273704
1403.207406	2.103486	0.274100
1404.259148	2.103553	0.274480
1405.310959	2.103568	0.274874
1406.362716	2.103558	0.275288
1407.414517	2.103587	0.275726
1408.466303	2.103578	0.276074
1409.518095	2.103554	0.276450
1410.569857	2.103548	0.276870
1411.621643	2.103540	0.277274
1412.673397	2.103566	0.277642
1413.725209	2.103603	0.277990
1414.777000	2.103588	0.278408
1415.828797	2.103558	0.278822
1416.880558	2.103478	0.279236
1417.932275	2.103569	0.279634
1418.984127	2.103665	0.280018
1420.035940	2.103508	0.280520
1421.087635	2.103344	0.280946
1422.139284	2.103443	0.281276
1423.191078	2.103533	0.281704
1424.242817	2.103497	0.282042
1425.294575	2.103561	0.282438
1426.346378	2.103495	0.282912
1427.398070	2.103439	0.283252
1428.449817	2.103525	0.283650
1429.501595	2.103563	0.284038
1430.553380	2.103533	0.284396
1431.605128	2.103503	0.284792
1432.656883	2.103448	0.285138
1433.708576	2.103409	0.285480
1434.760292	2.103363	0.285816
1435.811939	2.103575	0.286254
1436.863867	2.103713	0.286698
1437.915652	2.103565	0.287016
1438.967432	2.103541	0.287372
1440.019193	2.103497	0.287778
1441.070929	2.103428	0.288222
1442.122621	2.103449	0.288658
1443.174378	2.103524	0.289092
1444.226145	2.103485	0.289382
1445.277863	2.103328	0.289694
1446.329473	2.103459	0.290158
1447.381322	2.103587	0.290604
1448.433060	2.103531	0.291088
1449.484853	2.103509	0.291506
1450.536569	2.103447	0.291882
1451.588300	2.103481	0.292264
1452.640050	2.103503	0.292568
1453.691803	2.103491	0.292950
1454.743541	2.103572	0.293398
1455.795375	2.103491	0.293822
1456.847032	2.103338	0.294240
1457.898713	2.103365	0.294674
1458.950397	2.103282	0.295026
1460.001995	2.103268	0.295390
1461.053665	2.103396	0.295686
1462.105391	2.103738	0.295918
1463.157403	2.103662	0.296302
1464.209053	2.103377	0.296850
1465.260780	2.103401	0.297384
1466.312454	2.103574	0.297708
1467.364354	2.103646	0.298136
1468.416100	2.103378	0.298660
1469.467732	2.103303	0.299012
1470.519403	2.103531	0.299362
1471.571263	2.103351	0.299798
1472.622754	2.103201	0.300236
1473.674464	2.103467	0.300676
1474.726221	2.103441	0.301074
1475.777905	2.103499	0.301486
1476.829720	2.103523	0.301896
1477.881428	2.103448	0.302340
1478.933168	2.103499	0.302712
1479.984927	2.103564	0.303070
1481.036732	2.103507	0.303536
1482.088434	2.103440	0.303996
1483.140172	2.103455	0.304420
1484.191889	2.103469	0.304846
1485.243641	2.103481	0.305290
1486.295370	2.103466	0.305688
1487.347107	2.103519	0.306158
1488.398889	2.103538	0.306642
1489.450645	2.103433	0.307074
1490.502322	2.103420	0.307560
1491.554065	2.103476	0.308014
1492.605798	2.103476	0.308372
1493.657541	2.103408	0.308770
1494.709206	2.103392	0.309236
1495.760933	2.103542	0.309638
1496.812748	2.103583	0.310060
1497.864516	2.103506	0.310548
1498.916254	2.103513	0.310904
1499.968029	2.103485	0.311314
1501.019739	2.103464	0.311782
1502.071493	2.103455	0.312230
1503.123194	2.103470	0.312724
1504.174963	2.103378	0.313162
1505.226572	2.103355	0.313596
1506.278318	2.103446	0.314040
1507.330018	2.103451	0.314508
1508.381769	2.103456	0.314962
1509.433474	2.103427	0.315376
1510.485196	2.103426	0.315800
1511.536900	2.103453	0.316216
1512.588649	2.103363	0.316638
1513.640263	2.103364	0.317054
1514.692013	2.103444	0.317554
1515.743707	2.103448	0.318018
1516.795461	2.103433	0.318442
1517.847140	2.103384	0.318932
1518.898845	2.103416	0.319362
1519.950556	2.103427	0.319748
1521.002272	2.103418	0.320196
1522.053974	2.103386	0.320684
1523.105658	2.103365	0.321132
1524.157339	2.103402	0.321570
1525.209060	2.103361	0.321992
1526.260700	2.103410	0.322412
1527.312470	2.103444	0.322896
1528.364144	2.103403	0.323372
1529.415873	2.103431	0.323770
1530.467575	2.103449	0.324182
1531.519322	2.103413	0.324628
1532.570988	2.103471	0.325052
1533.622793	2.103437	0.325522
1534.674425	2.103308	0.326002
1535.726101	2.103353	0.326446
1536.777778	2.103351	0.326900
1537.829452	2.103309	0.327364
1538.881087	2.103283	0.327902
1539.932735	2.103348	0.328430
1540.984435	2.103408	0.328834
1542.036143	2.103437	0.329294
1543.087872	2.103407	0.329776
1544.139550	2.103354	0.330268
1545.191226	2.103356	0.330768
1546.242906	2.103363	0.331224
1547.294589	2.103402	0.331646
1548.346308	2.103407	0.332136
1549.397996	2.103292	0.332664
1550.449600	2.103318	0.333084
1551.501314	2.103527	0.333480
1552.553127	2.103383	0.333974
1553.604697	2.103299	0.334498
1554.656426	2.103473	0.334944
1555.708170	2.103432	0.335376
1556.759858	2.103342	0.335848
1557.811512	2.103393	0.336292
1558.863251	2.103457	0.336774
1559.914969	2.103385	0.337226
1560.966636	2.103372	0.337712
1562.018341	2.103441	0.338214
1563.070077	2.103417	0.338734
1564.121758	2.103388	0.339224
1565.173465	2.103391	0.339610
1566.225149	2.103393	0.339994
1567.276858	2.103343	0.340464
1568.328492	2.103360	0.340976
1569.380218	2.103396	0.341464
1570.431888	2.103412	0.341940
1571.483630	2.103399	0.342464
1572.535287	2.103320	0.342998
1573.586950	2.103344	0.343428
1574.638631	2.103437	0.343886
1575.690387	2.103453	0.344358
1576.742084	2.103405	0.344824
1577.793792	2.103328	0.345376
1578.845412	2.103305	0.345868
1579.897097	2.103396	0.346334
1580.948808	2.103399	0.346852
1582.000496	2.103328	0.347372
1583.052136	2.103348	0.347872
1584.103844	2.103346	0.348328
1585.155482	2.103402	0.348796
1586.207246	2.103492	0.349332
1587.258974	2.103409	0.349804
1588.310655	2.103299	0.350286
1589.362273	2.103315	0.350850
1590.413970	2.103405	0.351356
1591.465678	2.103462	0.351820
1592.517432	2.103310	0.352488
1593.568988	2.103300	0.353020
1594.620732	2.103606	0.353372
1595.672594	2.103391	0.353920
1596.724123	2.103038	0.354538
1597.775632	2.103250	0.354976
1598.827373	2.103360	0.355378
1599.878992	2.103322	0.355840
1600.930695	2.103374	0.356334
1601.982366	2.103283	0.356892
1603.033978	2.103341	0.357324
1604.085707	2.103384	0.357826
1605.137362	2.103263	0.358376
1606.188970	2.103343	0.358808
1607.240705	2.103371	0.359306
1608.292341	2.103356	0.359874
1609.344061	2.103442	0.360350
1610.395783	2.103380	0.360842
1611.447441	2.103323	0.361338
1612.499106	2.103355	0.361836
1613.550796	2.103312	0.362344
1614.602418	2.103335	0.362788
1615.654131	2.103381	0.363334
1616.705799	2.103416	0.363858
1617.757547	2.103345	0.364370
1618.809144	2.103298	0.364896
1619.860845	2.103346	0.365406
1620.912490	2.103353	0.365920
1621.964198	2.103396	0.366392
1623.015886	2.103409	0.367004
1624.067607	2.103385	0.367542
1625.119271	2.103335	0.368062
1626.170942	2.103320	0.368664
1627.222591	2.103351	0.369102
1628.274293	2.103297	0.369530
1629.325888	2.103239	0.370064
1630.377532	2.103327	0.370596
1631.429215	2.103396	0.371086
1632.480928	2.103358	0.371624
1633.532573	2.103373	0.372114
1634.584301	2.103297	0.372638
1635.635870	2.103214	0.373160
1636.687515	2.103271	0.373554
1637.739141	2.103376	0.374094
1638.790891	2.103403	0.374662
1639.842544	2.103366	0.375132
1640.894257	2.103404	0.375630
1641.945948	2.103310	0.376200
1642.997567	2.103314	0.376778
1644.049262	2.103371	0.377268
1645.100938	2.103290	0.377780
1646.152552	2.103284	0.378296
1647.204222	2.103353	0.378832
1648.255905	2.103353	0.379330
1649.307575	2.103311	0.379834
1650.359216	2.103346	0.380400
1651.410921	2.103339	0.380946
1652.462555	2.103310	0.381438
1653.514231	2.103306	0.381966
1654.565861	2.103279	0.382538
1655.617510	2.103276	0.383060
1656.669137	2.103372	0.383658
1657.720882	2.103381	0.384304
1658.772518	2.103293	0.384780
1659.824175	2.103268	0.385274
1660.875786	2.103302	0.385848
1661.927477	2.103290	0.386414
1662.979076	2.103300	0.386980
1664.030777	2.103368	0.387526
1665.082444	2.103264	0.388056
1666.134041	2.103194	0.388606
1667.185638	2.103299	0.389112
1668.237340	2.103212	0.389612
1669.288850	2.103186	0.390120
1670.340526	2.103331	0.390612
1671.392181	2.103366	0.391094
1672.443892	2.103371	0.391644
1673.495552	2.103268	0.392220
1674.547160	2.103214	0.392728
1675.598766	2.103292	0.393344
1676.650452	2.103351	0.394024
1677.702117	2.103331	0.394538
1678.753783	2.103274	0.394958
1679.805391	2.103321	0.395458
1680.857104	2.103243	0.396016
1681.908634	2.103220	0.396584
1682.960324	2.103360	0.397136
1684.011994	2.103294	0.397736
1685.063618	2.103301	0.398252
1686.115295	2.103356	0.398758
1687.166974	2.103244	0.399404
1688.218539	2.103250	0.399962
1689.270224	2.103230	0.400572
1690.321769	2.103225	0.401202
1691.373449	2.103335	0.401698
1692.425104	2.103264	0.402228
1693.476713	2.103264	0.402782
1694.528368	2.103381	0.403320
1695.580094	2.103295	0.403920
1696.631663	2.103215	0.404502
1697.683309	2.103292	0.405006
1698.734955	2.103401	0.405538
1699.786710	2.103352	0.406184
1700.838307	2.103253	0.406746
1701.889963	2.103317	0.407198
1702.941624	2.103278	0.407768
1703.993241	2.103173	0.408398
1705.044797	2.103365	0.409006
1706.096606	2.103379	0.409700
1707.148176	2.103205	0.410212
1708.199811	2.103250	0.410806
1709.251426	2.103240	0.411512
1710.303051	2.103223	0.411978
1711.354649	2.103304	0.412402
1712.406355	2.103397	0.412998
1713.458046	2.103386	0.413712
1714.509741	2.103172	0.414334
1715.561218	2.103267	0.414760
1716.613008	2.103297	0.415416
1717.664515	2.103233	0.416078
1718.716241	2.103444	0.416550
1719.767959	2.103276	0.417102
1720.819517	2.103149	0.417690
1721.871108	2.103192	0.418340
1722.922709	2.103057	0.419030
1723.974165	2.103238	0.419482
1725.025947	2.103473	0.419982
1726.077638	2.103239	0.420788
1727.129186	2.103156	0.421460
1728.180794	2.103309	0.422080
1729.232495	2.103340	0.422674
1730.284134	2.103244	0.423164
1731.335739	2.103189	0.423614
1732.387323	2.103284	0.424182
1733.439023	2.103367	0.424898
1734.490690	2.103238	0.425552
1735.542261	2.103202	0.426202
1736.593892	2.103230	0.426744
1737.645491	2.103236	0.427374
1738.697128	2.103251	0.428064
1739.748742	2.103099	0.428752
1740.800227	2.103127	0.429478
1741.851869	2.103172	0.430062
1742.903399	2.103235	0.430690
1743.955104	2.103320	0.431288
1745.006719	2.103268	0.431766
1746.058372	2.103232	0.432328
1747.109951	2.103321	0.432910
1748.161693	2.103352	0.433450
1749.213303	2.103137	0.434078
1750.264830	2.103131	0.434720
1751.316434	2.103293	0.435276
1752.368123	2.103219	0.435818
1753.419653	2.103206	0.436434
1754.471329	2.103370	0.437102
1755.523023	2.103322	0.437830
1756.574651	2.103164	0.438530
1757.626187	2.103151	0.439034
1758.677802	2.103136	0.439676
1759.729323	2.103208	0.440366
1760.781010	2.103281	0.440920
1761.832604	2.103276	0.441516
1762.884286	2.103286	0.442240
1763.935890	2.103197	0.442884
1764.987483	2.103158	0.443502
1766.039048	2.103188	0.444232
1767.090671	2.103240	0.444838
1768.142288	2.103228	0.445452
1769.193899	2.103190	0.446158
1770.245478	2.103342	0.446792
1771.297241	2.103271	0.447438
1772.348749	2.103151	0.448102
1773.400392	2.103261	0.448700
1774.452010	2.103249	0.449304
1775.503641	2.103141	0.449974
1776.555151	2.103207	0.450594
1777.606848	2.103303	0.451260
1778.658454	2.103250	0.451980
1779.710098	2.103228	0.452652
1780.761682	2.103144	0.453316
1781.813242	2.103180	0.453844
1782.864862	2.103234	0.454420
1783.916476	2.103224	0.454936
1784.968086	2.103294	0.455600
1786.019770	2.103243	0.456464
1787.071329	2.103167	0.457134
1788.122937	2.103234	0.457766
1789.174563	2.103241	0.458374
1790.226178	2.103158	0.458980
1791.277721	2.103182	0.459578
1792.329360	2.103287	0.460236
1793.381008	2.103364	0.460900
1794.432724	2.103242	0.461584
1795.484250	2.103157	0.462232
1796.535881	2.103212	0.462814
1797.587462	2.103159	0.463392
1798.639040	2.103267	0.464184
1799.690729	2.103280	0.464982
1800.742320	2.102994	0.465620
1801.793723	2.103087	0.466250
1802.845407	2.103282	0.466874
1803.897005	2.103201	0.467522
1804.948608	2.103163	0.468236
1806.000168	2.103288	0.468840
1807.051896	2.103139	0.469520
1808.103307	2.102925	0.470174
1809.154821	2.103269	0.470602
1810.206576	2.103432	0.471180
1811.258253	2.103157	0.471986
1812.309733	2.103136	0.472814
1813.361389	2.103240	0.473530
1814.412973	2.103149	0.474202
1815.464538	2.103213	0.474796
1816.516186	2.103319	0.475388
1817.567857	2.103082	0.476174
1818.619268	2.103133	0.476812
1819.670990	2.103353	0.477344
1820.722621	2.103297	0.477954
1821.774287	2.103232	0.478678
1822.825853	2.103111	0.479482
1823.877398	2.103094	0.480212
1824.928947	2.103121	0.480962
1825.980519	2.103083	0.481650
1827.032030	2.103207	0.482268
1828.083726	2.103200	0.483012
1829.135230	2.103079	0.483784
1830.186805	2.103072	0.484434
1831.238302	2.103112	0.485096
1832.289917	2.103212	0.485814
1833.341514	2.103238	0.486380
1834.393155	2.103139	0.487070
1835.444653	2.103080	0.487766
1836.496235	2.103136	0.488406
1837.547789	2.103267	0.489234
1838.599502	2.103356	0.489888
1839.651145	2.103237	0.490466
1840.702739	2.103106	0.491198
1841.754251	2.103183	0.491930
1842.805922	2.103299	0.492624
1843.857550	2.103292	0.493288
1844.909214	2.103237	0.494104
1845.960787	2.103116	0.494822
1847.012330	2.103145	0.495400
1848.063932	2.103250	0.495984
1849.115580	2.103066	0.496732
1850.166998	2.103072	0.497532
1851.218652	2.103316	0.498080
1852.270314	2.103203	0.498672
1853.321855	2.103155	0.499534
1854.373469	2.103297	0.500354
1855.425152	2.103142	0.501028
1856.476611	2.103132	0.501522
1857.528284	2.103006	0.502188
1858.579617	2.103143	0.502990
1859.631427	2.103381	0.503794
1860.682998	2.103063	0.504556
1861.734490	2.103149	0.505188
1862.786147	2.103264	0.506030
1863.837754	2.103196	0.506772
1864.889343	2.103239	0.507382
1865.940993	2.103177	0.508226
1866.992520	2.103147	0.509004
1868.044140	2.103164	0.509584
1869.095684	2.103168	0.510204
1870.147308	2.103068	0.511008
1871.198752	2.102975	0.511708
1872.250283	2.103178	0.512390
1873.301930	2.103242	0.513184
1874.353525	2.103159	0.514078
1875.405089	2.103267	0.514850
1876.456792	2.103301	0.515460
1877.508390	2.103188	0.516208
1878.559980	2.103048	0.517028
1879.611438	2.103067	0.517856
1880.663047	2.103241	0.518610
1881.714679	2.103266	0.519366
1882.766313	2.103073	0.520198
1883.817752	2.103105	0.520936
1884.869418	2.103189	0.521684
1885.920941	2.103137	0.522394
1886.972555	2.103199	0.523106
1888.024140	2.103212	0.523912
1889.075767	2.103124	0.524754
1890.127264	2.103064	0.525464
1891.178831	2.103214	0.526142
1892.230478	2.103272	0.526924
1893.282103	2.102988	0.527810
1894.333466	2.103180	0.528548
1895.385283	2.102992	0.529230
1896.436458	2.103166	0.529760
1897.488449	2.103292	0.530510
1898.539750	2.102898	0.531500
1899.591347	2.103090	0.532266
1900.642840	2.103138	0.532988
1901.694485	2.103128	0.533806
1902.745968	2.102989	0.534656
1903.797474	2.103566	0.535432
1904.849534	2.103022	0.536096
1905.900496	2.102631	0.536692
1906.952165	2.103237	0.537418
1908.003733	2.103231	0.538198
1909.055396	2.103257	0.539088
1910.106990	2.103031	0.540024
1911.158427	2.103106	0.540762
1912.210096	2.102900	0.541464
1913.261327	2.103608	0.541762
1914.313704	2.103525	0.542504
1915.364852	2.102713	0.543684
1916.416417	2.103013	0.544642
1917.467865	2.103371	0.545586
1918.519788	2.103257	0.546428
1919.571122	2.103029	0.547100
1920.622817	2.103028	0.547878
1921.674150	2.102917	0.548856
1922.725734	2.103199	0.549768
1923.777349	2.103117	0.550230
1924.828851	2.102853	0.550706
1925.880202	2.102921	0.551568
1926.931772	2.103112	0.552500
1927.983314	2.103177	0.553312
1929.034949	2.103212	0.553990
1930.086526	2.103177	0.554796
1931.138126	2.103178	0.555704
1932.189704	2.103196	0.556572
1933.241322	2.103098	0.557432
1934.292802	2.102943	0.558304
1935.344265	2.102969	0.559070
1936.395771	2.103127	0.559838
1937.447392	2.103179	0.560732
1938.498950	2.103291	0.561620
1939.550683	2.103082	0.562418
1940.602032	2.103018	0.563152
1941.653701	2.103162	0.564046
1942.705194	2.103095	0.564856
1943.756796	2.103025	0.565628
1944.808219	2.103161	0.566494
1945.859957	2.103642	0.567242
1946.911861	2.103739	0.568118
1947.963696	2.102804	0.569304
1949.014665	2.102583	0.570086
1950.066279	2.103258	0.570550
1951.117923	2.103354	0.571450
1952.169633	2.103054	0.572554
1953.220977	2.102770	0.573446
1954.272403	2.102905	0.574190
1955.323882	2.103252	0.574948
1956.375655	2.103160	0.575830
1957.427042	2.103066	0.576672
1958.478721	2.103039	0.577690
1959.530081	2.102987	0.578542
1960.581708	2.103049	0.579512
1961.633130	2.102972	0.580460
1962.684680	2.103132	0.581088
1963.736262	2.103221	0.581960
1964.787901	2.103084	0.583010
1965.839346	2.103067	0.583936
1966.890968	2.103229	0.584692
1967.942575	2.103161	0.585590
1968.994129	2.103086	0.586650
1970.045661	2.103194	0.587486
1971.097323	2.103107	0.588378
1972.148768	2.102906	0.589344
1973.200229	2.102768	0.590138
1974.251536	2.103270	0.591088
1975.303499	2.103455	0.592082
1976.354991	2.102933	0.592986
1977.406432	2.103015	0.593936
1978.458006	2.103226	0.594852
1979.509658	2.103128	0.596084
1980.561134	2.103060	0.597208
1981.612718	2.102995	0.598212
1982.664129	2.103139	0.599034
1983.715857	2.103272	0.599902
1984.767401	2.103118	0.601034
1985.818975	2.103005	0.602338
1986.870406	2.102938	0.603432
1987.921913	2.103026	0.604034
1988.973432	2.103485	0.604816
1990.025398	2.103135	0.606288
1991.076567	2.102570	0.607578
1992.127968	2.103288	0.608128
1993.179855	2.103529	0.609022
1994.231497	2.103071	0.610046
1995.282926	2.103002	0.610816
1996.334499	2.102923	0.611994
1997.385849	2.103077	0.612950
1998.437576	2.103111	0.613856
1999.488960	2.103040	0.614812
2000.540616	2.103197	0.615940
2001.592157	2.103107	0.616878
2002.643723	2.103030	0.617758
2003.695187	2.103149	0.618754
2004.746872	2.103123	0.619744
2005.798310	2.103021	0.620704
2006.849893	2.103092	0.621586
2007.901402	2.103197	0.622440
2008.953090	2.103173	0.623280
2010.004575	2.103141	0.624254
2011.056231	2.103110	0.625422
2012.107685	2.103113	0.626430
2013.159344	2.102774	0.627212
2014.210459	2.103400	0.628050
2015.262744	2.103634	0.629408
2016.314093	2.102836	0.630638
2017.365580	2.102957	0.631764
2018.417050	2.103239	0.632932
2019.468819	2.102971	0.633938
2020.520021	2.102193	0.634738
2021.571012	2.103706	0.634240
2022.623727	2.104154	0.634346
2023.675166	2.102760	0.636024
2024.726487	2.103268	0.637502
2025.778434	2.103606	0.638936
2026.830093	2.102681	0.640566
2027.881115	2.102743	0.641746
2028.932836	2.103281	0.642596
2029.984396	2.102903	0.643776
2031.035739	2.103118	0.644682
2032.087514	2.103198	0.645820
2033.138937	2.102603	0.647174
2034.190117	2.102652	0.649106
2035.241589	2.103533	0.650102
2036.293650	2.103531	0.650372
2037.345120	2.102905	0.651464
2038.396555	2.102998	0.652158
2039.448118	2.103223	0.653096
2040.499778	2.103068	0.654516
2041.551186	2.103176	0.655416
2042.602954	2.103089	0.656540
2043.654275	2.102833	0.657822
2044.705787	2.103086	0.658870
2045.757361	2.103363	0.660026
2046.809150	2.102992	0.661572
2047.860353	2.103090	0.662846
2048.912240	2.103236	0.664232
2049.963589	2.103047	0.665366
2051.015287	2.103019	0.666406
2052.066608	2.102919	0.667672
2053.118206	2.103079	0.668728
2054.169687	2.103348	0.669546
2055.221554	2.103185	0.670896
2056.272872	2.102935	0.672484
2057.324489	2.102962	0.673562
2058.375834	2.102900	0.674500
2059.427389	2.103086	0.675450
2060.478920	2.103293	0.676724
2061.530682	2.103121	0.678444
2062.582041	2.103010	0.679710
2063.633692	2.103096	0.680956
2064.685137	2.103145	0.682326
2065.736837	2.102928	0.683606
2066.788065	2.103053	0.684710
2067.839890	2.103287	0.686156
2068.891352	2.102688	0.687524
2069.942578	2.103097	0.688224
2070.994449	2.103549	0.689346
2072.046127	2.102856	0.691134
2073.097305	2.102832	0.692378
2074.148959	2.103225	0.693434
2075.200530	2.103110	0.694884
2076.252069	2.102940	0.696318
2077.303470	2.103301	0.697492
2078.355370	2.103068	0.699076
2079.406538	2.103183	0.700220
2080.458553	2.103109	0.701758
2081.509647	2.102784	0.703470
2082.561337	2.103442	0.704522
2083.613089	2.103446	0.705294
2084.664783	2.102768	0.706878
2085.715857	2.103130	0.708522
2086.767913	2.103316	0.709930
2087.819173	2.103136	0.711274
2088.871049	2.103231	0.712666
2089.922404	2.103016	0.714056
2090.974065	2.103103	0.715442
2092.025507	2.103107	0.716690
2093.077172	2.103017	0.717944
2094.128524	2.102957	0.719144
2095.180129	2.102954	0.720434
2096.231478	2.103364	0.721604
2097.283493	2.103225	0.723446
2098.334703	2.103111	0.725146
2099.386604	2.103408	0.726740
2100.438111	2.103247	0.728090
2101.489851	2.102941	0.729722
2102.541052	2.102887	0.731692
2103.592738	2.102974	0.733348
2104.644026	2.103366	0.734524
2105.696104	2.103174	0.736312
2106.747200	2.102902	0.738052
2107.799006	2.103184	0.739800
2108.850384	2.103348	0.741344
2109.902354	2.103142	0.743104
2110.953526	2.102982	0.744748
2112.005336	2.103102	0.746644
2113.056628	2.102941	0.748372
2114.108277	2.103238	0.749830
2115.159866	2.103099	0.751008
2116.211376	2.102977	0.752372
2117.262843	2.103765	0.754062
2118.315141	2.103281	0.756538
2119.366124	2.102903	0.758044
2120.418044	2.103090	0.759648
2121.469214	2.102773	0.761344
2122.520817	2.102943	0.762342
2123.572157	2.103405	0.763766
2124.624222	2.103362	0.766008
2125.675519	2.103346	0.767470
2126.727568	2.102831	0.769896
2127.778350	2.102996	0.771940
2128.830564	2.103264	0.774156
2129.881614	2.102961	0.776448
2130.933525	2.103364	0.779222
2131.984978	2.103258	0.780816
2133.036783	2.102866	0.782594
2134.087844	2.102758	0.784448
2135.139541	2.103225	0.785878
2136.191069	2.104034	0.787618
2137.243575	2.103544	0.790786
2138.294613	2.103096	0.792534
2139.346671	2.103247	0.794586
2140.397860	2.103189	0.796600
2141.449860	2.103264	0.799564
2142.501124	2.103812	0.801176
2143.553672	2.103662	0.803804
2144.604786	2.103185	0.806508
2145.656857	2.102877	0.809510
2146.707663	2.104598	0.811258
2147.761455	2.104344	0.816098
2148.812007	2.103429	0.819378
2149.864884	2.103927	0.823376
2150.915934	2.104735	0.825312
2151.969619	2.104374	0.830774
2153.020308	2.327582	0.833252
2154.297201	3.146144	1.285158
2156.166452	3.972286	1.755100
2158.269487	4.206030	1.757354
2160.372482	4.206059	1.759724
2162.475546	4.206168	1.762104
2164.578650	4.205841	1.765008
2166.681387	4.205799	1.767826
2168.784449	4.206159	1.770022
2170.887546	4.206160	1.772504
2172.990609	4.206087	1.775446
2175.093633	4.205858	1.778718
2177.196467	4.205950	1.781942
2179.299583	4.206094	1.784878
2181.402561	4.206075	1.787430
2183.505658	4.206148	1.790024
2185.608709	4.206764	1.793150
2187.712422	4.206687	1.797496
2189.815396	4.204528	1.803096
2191.916950	4.204983	1.805020
2194.020379	4.207266	1.804862
2196.124216	4.206782	1.807280
2198.227161	4.206294	1.810166
2200.330510	4.206447	1.813616
2202.433608	4.207942	1.817280
2204.538452	4.208164	1.823532
2206.641772	4.205352	1.831480
2208.743804	4.204518	1.836376
2210.846290	4.205195	1.838744
2212.948999	4.206757	1.840270
2215.053047	4.206836	1.843798
2217.155835	4.205475	1.848074
2219.258522	4.205439	1.851092
2221.361274	4.205607	1.853416
2223.464129	4.206513	1.856838
2225.567787	4.207028	1.860814
2227.671157	4.206208	1.864330
2229.773995	4.205838	1.867538
2231.876995	4.206265	1.870270
2233.980260	4.206523	1.873520
2236.083518	4.206152	1.877356
2238.186412	4.206048	1.881308
2240.289566	4.206731	1.885216
2242.393143	4.206660	1.889994
2244.496226	4.205689	1.895488
2246.598832	4.205919	1.900028
2248.702145	4.206885	1.904266
2250.805717	4.206745	1.909230
2252.908890	4.206187	1.914596
2255.011904	4.206792	1.919720
2257.115682	4.207150	1.925040
2259.219054	4.206180	1.931500
2261.321862	4.205267	1.938072
2263.424321	4.205464	1.941954
