#Creator: pendulumEventBuffer
#Creation time: Tue Jan  1 01:30:49 2013
#Time	Period	Transit time
#[s]	[s]	[s]
2.532171	2.195174	0.007510
3.629557	2.194361	0.007542
4.726532	2.193551	0.007576
5.823108	2.192746	0.007608
6.919278	2.191953	0.007640
8.015061	2.191169	0.007674
9.110447	2.190388	0.007706
10.205449	2.189621	0.007738
11.300068	2.188867	0.007772
12.394316	2.188118	0.007804
13.488186	2.187379	0.007836
14.581695	2.186655	0.007870
15.674841	2.185946	0.007902
16.767641	2.185244	0.007934
17.860085	2.184542	0.007966
18.952183	2.183837	0.007998
20.043922	2.183146	0.008032
21.135329	2.182482	0.008066
22.226404	2.181826	0.008100
23.317155	2.181171	0.008134
24.407575	2.180509	0.008166
25.497664	2.179879	0.008200
26.587454	2.179276	0.008232
27.676940	2.178640	0.008264
28.766094	2.178008	0.008300
29.854948	2.177388	0.008332
30.943482	2.176775	0.008364
32.031723	2.176183	0.008398
33.119665	2.175584	0.008430
34.207307	2.175015	0.008462
35.294680	2.174456	0.008496
36.381763	2.173868	0.008530
37.468548	2.173294	0.008564
38.555057	2.172736	0.008598
39.641284	2.172185	0.008632
40.727242	2.171642	0.008668
41.812926	2.171109	0.008700
42.898351	2.170575	0.008730
43.983501	2.170043	0.008766
45.068394	2.169516	0.008804
46.153017	2.169002	0.008838
47.237396	2.168506	0.008872
48.321523	2.168010	0.008906
49.405406	2.167518	0.008940
50.489041	2.167028	0.008974
51.572434	2.166545	0.009008
52.655586	2.166069	0.009040
53.738503	2.165582	0.009074
54.821168	2.165104	0.009112
55.903607	2.164652	0.009146
56.985820	2.164207	0.009180
58.067814	2.163751	0.009216
59.149571	2.163294	0.009250
60.231108	2.162842	0.009284
61.312413	2.162397	0.009318
62.393505	2.161958	0.009354
63.474371	2.161521	0.009390
64.555026	2.161094	0.009424
65.635465	2.160674	0.009458
66.715700	2.160257	0.009492
67.795722	2.159840	0.009528
68.875540	2.159428	0.009564
69.955150	2.159023	0.009600
71.034563	2.158622	0.009638
72.113772	2.158228	0.009672
73.192791	2.157836	0.009706
74.271608	2.157445	0.009740
75.350236	2.157061	0.009776
76.428669	2.156683	0.009814
77.506919	2.156308	0.009850
78.584977	2.155937	0.009886
79.662856	2.155572	0.009920
80.740549	2.155209	0.009954
81.818065	2.154838	0.009990
82.895387	2.154470	0.010026
83.972535	2.154115	0.010062
85.049502	2.153764	0.010100
86.126299	2.153410	0.010138
87.202912	2.153061	0.010172
88.279360	2.152726	0.010204
89.355638	2.152393	0.010240
90.431753	2.152050	0.010278
91.507688	2.151708	0.010316
92.583461	2.151384	0.010354
93.659072	2.151067	0.010388
94.734528	2.150732	0.010424
95.809804	2.150397	0.010464
96.884925	2.150092	0.010502
97.959896	2.149789	0.010536
99.034714	2.149473	0.010572
100.109369	2.149162	0.010610
101.183876	2.148854	0.010648
102.258223	2.148544	0.010686
103.332420	2.148247	0.010724
104.406470	2.147964	0.010760
105.480384	2.147670	0.010796
106.554140	2.147367	0.010832
107.627751	2.147078	0.010870
108.701218	2.146796	0.010908
109.774547	2.146516	0.010946
110.847734	2.146240	0.010984
111.920787	2.145962	0.011018
112.993696	2.145689	0.011056
114.066476	2.145415	0.011096
115.139111	2.145142	0.011134
116.211618	2.144867	0.011172
117.283978	2.144594	0.011208
118.356212	2.144336	0.011248
119.428314	2.144073	0.011288
120.500285	2.143816	0.011326
121.572130	2.143566	0.011364
122.643851	2.143306	0.011402
123.715436	2.143049	0.011440
124.786900	2.142802	0.011476
125.858238	2.142558	0.011516
126.929458	2.142309	0.011556
128.000547	2.142062	0.011594
129.071520	2.141814	0.011632
130.142361	2.141567	0.011670
131.213087	2.141327	0.011710
132.283688	2.141092	0.011748
133.354179	2.140869	0.011790
134.424557	2.140650	0.011830
135.494829	2.140426	0.011866
136.564983	2.140201	0.011906
137.635030	2.139969	0.011948
138.704952	2.139739	0.011988
139.774769	2.139520	0.012026
140.844472	2.139302	0.012064
141.914071	2.139087	0.012102
142.983559	2.138870	0.012146
144.052941	2.138646	0.012186
145.122205	2.138440	0.012222
146.191381	2.138235	0.012266
147.260440	2.138021	0.012308
148.329402	2.137820	0.012348
149.398260	2.137616	0.012388
150.467018	2.137407	0.012428
151.535667	2.137205	0.012470
152.604223	2.137010	0.012510
153.672677	2.136810	0.012550
154.741033	2.136615	0.012590
155.809292	2.136423	0.012628
156.877456	2.136229	0.012668
157.945521	2.136041	0.012710
159.013497	2.135853	0.012754
160.081374	2.135666	0.012796
161.149163	2.135475	0.012834
162.216849	2.135283	0.012874
163.284446	2.135091	0.012916
164.351940	2.134900	0.012956
165.419346	2.134719	0.012996
166.486659	2.134548	0.013038
167.553894	2.134375	0.013084
168.621034	2.134198	0.013128
169.688092	2.134020	0.013168
170.755054	2.133844	0.013208
171.821936	2.133669	0.013252
172.888723	2.133493	0.013294
173.955429	2.133325	0.013334
175.022048	2.133159	0.013380
176.088588	2.132990	0.013424
177.155038	2.132820	0.013464
178.221408	2.132652	0.013508
179.287690	2.132489	0.013552
180.353897	2.132322	0.013594
181.420012	2.132163	0.013636
182.486060	2.132009	0.013680
183.552021	2.131841	0.013722
184.617901	2.131682	0.013762
185.683703	2.131533	0.013806
186.749434	2.131375	0.013852
187.815078	2.131221	0.013896
188.880655	2.131065	0.013938
189.946143	2.130906	0.013982
191.011561	2.130760	0.014026
192.076903	2.130613	0.014070
193.142174	2.130458	0.014116
194.207361	2.130307	0.014162
195.272481	2.130153	0.014206
196.337514	2.130000	0.014248
197.402481	2.129864	0.014294
198.467378	2.129727	0.014340
199.532208	2.129577	0.014384
200.596955	2.129430	0.014430
201.661638	2.129286	0.014476
202.726241	2.129143	0.014514
203.790781	2.129004	0.014558
204.855245	2.128867	0.014606
205.919648	2.128733	0.014652
206.983978	2.128598	0.014696
208.048246	2.128465	0.014740
209.112443	2.128332	0.014790
210.176578	2.128191	0.014836
211.240634	2.128060	0.014884
212.304638	2.127943	0.014932
213.368577	2.127821	0.014974
214.432459	2.127694	0.015022
215.496271	2.127566	0.015070
216.560025	2.127445	0.015118
217.623716	2.127326	0.015164
218.687351	2.127201	0.015206
219.750917	2.127077	0.015254
220.814428	2.126948	0.015304
221.877865	2.126822	0.015350
222.941250	2.126697	0.015396
224.004562	2.126577	0.015444
225.067827	2.126467	0.015490
226.131029	2.126348	0.015534
227.194175	2.126223	0.015582
228.257252	2.126098	0.015632
229.320273	2.125980	0.015682
230.383232	2.125865	0.015732
231.446138	2.125746	0.015780
232.508978	2.125627	0.015828
233.571765	2.125511	0.015878
234.634489	2.125405	0.015926
235.697170	2.125303	0.015972
236.759792	2.125196	0.016020
237.822366	2.125080	0.016068
238.884872	2.124982	0.016116
239.947348	2.124880	0.016168
241.009752	2.124764	0.016220
242.072112	2.124663	0.016268
243.134415	2.124554	0.016314
244.196666	2.124443	0.016364
245.258858	2.124337	0.016416
246.321003	2.124230	0.016466
247.383088	2.124124	0.016516
248.445127	2.124022	0.016566
249.507110	2.123921	0.016616
250.569048	2.123815	0.016668
251.630925	2.123710	0.016718
252.692758	2.123603	0.016768
253.754528	2.123502	0.016820
254.816260	2.123413	0.016868
255.877941	2.123320	0.016918
256.939580	2.123218	0.016972
258.001159	2.123119	0.017026
259.062699	2.123020	0.017078
260.124179	2.122921	0.017130
261.185620	2.122831	0.017180
262.247010	2.122739	0.017228
263.308359	2.122642	0.017278
264.369652	2.122545	0.017332
265.430904	2.122448	0.017388
266.492100	2.122355	0.017440
267.553259	2.122268	0.017494
268.614368	2.122181	0.017548
269.675440	2.122093	0.017600
270.736461	2.122007	0.017650
271.797447	2.121920	0.017702
272.858381	2.121832	0.017758
273.919279	2.121748	0.017814
274.980129	2.121668	0.017870
276.040947	2.121575	0.017922
277.101704	2.121480	0.017972
278.162427	2.121395	0.018026
279.223099	2.121310	0.018078
280.283737	2.121227	0.018130
281.344326	2.121142	0.018188
282.404879	2.121056	0.018246
283.465382	2.120967	0.018300
284.525846	2.120880	0.018356
285.586262	2.120796	0.018412
286.646642	2.120717	0.018464
287.706979	2.120638	0.018518
288.767280	2.120557	0.018576
289.827536	2.120473	0.018636
290.887753	2.120394	0.018694
291.947930	2.120322	0.018744
293.008075	2.120241	0.018798
294.068171	2.120160	0.018858
295.128235	2.120081	0.018914
296.188252	2.120001	0.018968
297.248236	2.119918	0.019024
298.308170	2.119849	0.019080
299.368085	2.119775	0.019138
300.427945	2.119690	0.019198
301.487775	2.119618	0.019258
302.547563	2.119547	0.019314
303.607322	2.119476	0.019372
304.667039	2.119405	0.019430
305.726727	2.119321	0.019490
306.786360	2.119246	0.019548
307.845973	2.119183	0.019602
308.905543	2.119109	0.019662
309.965082	2.119034	0.019724
311.024577	2.118964	0.019786
312.084046	2.118897	0.019844
313.143474	2.118832	0.019904
314.202878	2.118766	0.019968
315.262240	2.118693	0.020028
316.321571	2.118621	0.020086
317.380861	2.118561	0.020142
318.440132	2.118498	0.020204
319.499359	2.118431	0.020266
320.558563	2.118367	0.020326
321.617726	2.118293	0.020388
322.676856	2.118228	0.020448
323.735954	2.118173	0.020512
324.795029	2.118083	0.020574
325.854037	2.118000	0.020634
326.913029	2.117945	0.020698
327.971982	2.117882	0.020756
329.030911	2.117821	0.020818
330.089803	2.117756	0.020886
331.148667	2.117687	0.020946
332.207490	2.117625	0.021004
333.266292	2.117569	0.021068
334.325059	2.117513	0.021134
335.383805	2.117450	0.021198
336.442509	2.117387	0.021258
337.501192	2.117326	0.021320
338.559835	2.117262	0.021386
339.618454	2.117198	0.021452
340.677033	2.117138	0.021518
341.735592	2.117079	0.021584
342.794112	2.117017	0.021644
343.852609	2.116952	0.021710
344.911064	2.116889	0.021776
345.969498	2.116830	0.021840
347.027894	2.116771	0.021900
348.086269	2.116717	0.021966
349.144611	2.116665	0.022038
350.202934	2.116600	0.022104
351.261211	2.116535	0.022170
352.319469	2.116465	0.022234
353.377676	2.116399	0.022300
354.435868	2.116358	0.022368
355.494034	2.116317	0.022440
356.552185	2.116261	0.022506
357.610295	2.116202	0.022570
358.668387	2.116143	0.022638
359.726438	2.116083	0.022708
360.784470	2.116028	0.022780
361.842466	2.115980	0.022844
362.900450	2.115933	0.022912
363.958399	2.115878	0.022986
365.016328	2.115829	0.023052
366.074228	2.115796	0.023120
367.132124	2.115741	0.023192
368.189969	2.115673	0.023258
369.247797	2.115630	0.023326
370.305599	2.115579	0.023390
371.363376	2.115521	0.023460
372.421120	2.115475	0.023540
373.478851	2.115430	0.023614
374.536550	2.115373	0.023680
375.594224	2.115331	0.023752
376.651881	2.115282	0.023826
377.709506	2.115225	0.023896
378.767106	2.115181	0.023968
379.824687	2.115132	0.024038
380.882238	2.115093	0.024112
381.939780	2.115054	0.024188
382.997292	2.115008	0.024256
384.054788	2.114966	0.024328
385.112258	2.114928	0.024404
386.169716	2.114882	0.024480
387.227140	2.114840	0.024552
388.284556	2.114780	0.024624
389.341920	2.114718	0.024700
390.399274	2.114684	0.024776
391.456604	2.114645	0.024856
392.513919	2.114593	0.024930
393.571197	2.114543	0.024998
394.628462	2.114494	0.025076
395.685691	2.114445	0.025154
396.742907	2.114402	0.025230
397.800093	2.114359	0.025306
398.857266	2.114308	0.025380
399.914401	2.114263	0.025454
400.971529	2.114226	0.025530
402.028627	2.114174	0.025606
403.085703	2.114128	0.025686
404.142755	2.114093	0.025770
405.199796	2.114047	0.025848
406.256802	2.113992	0.025920
407.313788	2.113945	0.025996
408.370747	2.113902	0.026078
409.427690	2.113851	0.026160
410.484598	2.113814	0.026240
411.541504	2.113781	0.026320
412.598379	2.113745	0.026398
413.655249	2.113696	0.026474
414.712075	2.113643	0.026554
415.768892	2.113609	0.026640
416.825684	2.113575	0.026720
417.882467	2.113534	0.026798
418.939218	2.113487	0.026876
419.995954	2.113442	0.026960
421.052660	2.113402	0.027040
422.109356	2.113362	0.027116
423.166022	2.113326	0.027200
424.222682	2.113293	0.027284
425.279315	2.113260	0.027366
426.335942	2.113226	0.027448
427.392541	2.113194	0.027530
428.449136	2.113151	0.027612
429.505692	2.113100	0.027700
430.562236	2.113059	0.027780
431.618751	2.113025	0.027858
432.675261	2.112999	0.027942
433.731750	2.112959	0.028028
434.788220	2.112900	0.028108
435.844650	2.112861	0.028192
436.901081	2.112830	0.028282
437.957480	2.112788	0.028364
439.013869	2.112747	0.028454
440.070227	2.112707	0.028542
441.126576	2.112689	0.028624
442.182916	2.112661	0.028712
443.239237	2.112606	0.028798
444.295522	2.112585	0.028888
445.351822	2.112557	0.028976
446.408079	2.112508	0.029054
447.464330	2.112478	0.029140
448.520557	2.112437	0.029234
449.576767	2.112387	0.029314
450.632944	2.112353	0.029400
451.689120	2.112327	0.029496
452.745271	2.112287	0.029586
453.801407	2.112242	0.029674
454.857513	2.112224	0.029758
455.913631	2.112200	0.029850
456.969713	2.112147	0.029934
458.025778	2.112108	0.030024
