#Creator: pendulumviewEventBuffer
#Creation time: Fri Mar 15 09:51:11 2024
#Time A	Pos A	Time B	Pos B
#[s]	[au]	[s]	[au]
0.026	500	0.051	610
0.076	498	0.101	587
0.127	499	0.153	560
0.177	499	0.203	532
0.228	500	0.254	505
0.279	499	0.304	477
0.330	500	0.355	454
0.380	500	0.406	433
0.431	500	0.457	417
0.481	500	0.507	410
0.533	499	0.558	406
0.583	500	0.608	408
0.634	499	0.660	417
0.684	500	0.710	433
0.735	499	0.761	452
0.785	499	0.811	476
0.837	499	0.862	502
0.887	495	0.912	530
0.938	497	0.964	558
0.988	499	1.014	584
1.039	498	1.065	609
1.090	498	1.115	627
1.141	498	1.166	641
1.191	498	1.217	651
1.242	499	1.268	654
1.292	499	1.318	651
1.344	499	1.369	641
1.394	500	1.419	627
1.445	499	1.471	608
1.495	499	1.521	584
1.546	500	1.572	558
1.596	500	1.622	531
1.648	500	1.673	503
1.698	500	1.723	477
1.749	500	1.775	454
1.799	500	1.825	433
1.850	500	1.876	418
1.901	500	1.926	410
1.952	499	1.977	407
2.003	499	2.028	410
2.053	499	2.079	420
2.104	500	2.129	435
2.155	499	2.180	455
2.206	498	2.230	479
2.256	497	2.282	505
2.307	499	2.332	533
2.357	498	2.383	559
2.409	497	2.433	585
2.459	498	2.484	608
2.510	498	2.534	627
2.560	498	2.586	642
2.611	499	2.636	649
2.661	499	2.687	652
2.713	499	2.737	648
2.763	500	2.788	639
2.814	500	2.839	624
2.864	500	2.890	605
2.915	500	2.940	581
2.966	501	2.991	555
3.017	500	3.041	528
3.067	500	3.093	502
3.118	500	3.143	477
3.168	500	3.194	453
3.220	500	3.244	435
3.270	500	3.295	420
3.321	499	3.345	412
3.371	499	3.397	409
3.422	499	3.447	413
3.472	499	3.498	424
3.524	498	3.548	438
3.574	498	3.599	458
3.625	498	3.650	482
3.675	498	3.701	508
3.726	497	3.751	535
3.777	498	3.802	562
3.828	498	3.852	588
3.878	498	3.904	609
3.929	498	3.954	628
3.979	499	4.005	640
4.031	500	4.055	648
4.081	500	4.106	650
4.132	500	4.156	647
4.182	500	4.208	636
4.233	500	4.258	621
4.283	502	4.309	602
4.335	501	4.359	578
4.385	501	4.410	553
4.436	500	4.461	526
4.486	501	4.512	500
4.537	500	4.562	475
4.588	500	4.613	454
4.639	499	4.663	434
4.689	499	4.715	423
4.740	499	4.765	413
4.790	499	4.816	412
4.842	498	4.866	416
4.892	497	4.917	426
4.943	497	4.968	442
4.993	498	5.019	462
5.044	497	5.070	485
5.094	497	5.120	510
5.146	498	5.171	537
5.196	498	5.221	563
5.247	498	5.273	587
5.297	499	5.323	609
5.348	499	5.374	627
5.399	499	5.424	638
5.450	500	5.475	646
5.500	500	5.526	648
5.551	500	5.577	644
5.601	501	5.627	634
5.653	500	5.678	618
5.703	500	5.728	599
5.754	501	5.780	576
5.804	500	5.830	550
5.855	500	5.881	523
5.905	500	5.931	498
5.957	500	5.982	474
6.007	500	6.032	452
6.058	499	6.084	435
6.108	498	6.134	422
6.159	498	6.185	414
6.210	498	6.235	414
6.261	498	6.286	418
6.311	497	6.337	429
6.362	497	6.388	444
6.412	498	6.438	465
6.464	498	6.489	488
6.514	497	6.539	513
6.565	497	6.591	539
6.615	498	6.641	565
6.666	499	6.692	589
6.716	499	6.742	609
6.768	499	6.793	626
6.818	500	6.843	638
6.869	501	6.895	644
6.919	501	6.945	646
6.970	500	6.996	641
7.021	501	7.046	631
7.072	501	7.097	615
7.122	501	7.148	596
7.173	499	7.199	573
7.223	502	7.249	548
7.275	499	7.300	522
7.325	499	7.350	496
7.376	498	7.402	473
7.426	499	7.452	452
7.477	498	7.503	435
7.528	498	7.553	423
7.579	498	7.604	416
7.629	497	7.654	416
7.680	497	7.706	421
7.730	496	7.756	431
7.781	496	7.807	448
7.832	497	7.857	468
7.883	498	7.908	491
7.934	498	7.959	516
7.984	498	8.010	541
8.035	498	8.060	564
8.086	499	8.111	590
8.137	500	8.161	611
8.187	500	8.213	626
8.238	500	8.263	637
8.288	501	8.314	644
8.340	501	8.364	644
8.390	501	8.415	638
8.441	502	8.465	628
8.491	501	8.517	612
8.542	500	8.567	593
8.592	499	8.618	571
8.644	499	8.668	546
8.694	500	8.719	520
8.745	499	8.770	495
8.795	498	8.821	471
8.846	498	8.871	452
8.897	498	8.922	435
8.948	498	8.972	424
8.998	497	9.024	418
9.049	496	9.074	418
9.099	496	9.125	423
9.151	498	9.175	435
9.201	499	9.226	451
9.252	498	9.276	470
9.302	498	9.328	493
9.353	498	9.378	518
9.403	499	9.429	544
9.455	499	9.479	568
9.505	499	9.530	590
9.556	500	9.581	610
9.606	500	9.632	625
9.657	501	9.682	636
9.708	501	9.733	641
9.759	501	9.783	642
9.809	501	9.835	636
9.860	502	9.885	625
9.910	501	9.936	610
9.962	500	9.986	590
10.012	500	10.037	568
10.063	499	10.088	543
10.113	500	10.139	518
10.164	498	10.189	494
10.214	498	10.240	471
10.266	498	10.290	451
10.316	497	10.341	436
10.367	497	10.392	425
10.417	497	10.443	420
10.468	497	10.493	420
10.519	497	10.544	426
10.570	497	10.594	438
10.620	498	10.646	453
10.671	498	10.696	473
10.721	498	10.747	496
10.773	499	10.797	520
10.823	499	10.848	545
10.874	500	10.899	569
10.924	500	10.950	590
10.975	501	11.001	611
11.025	500	11.051	624
11.077	501	11.102	636
11.127	501	11.152	639
11.178	500	11.204	640
11.228	500	11.254	633
11.279	501	11.305	623
11.330	500	11.355	607
11.381	500	11.406	587
11.431	499	11.457	565
11.482	499	11.508	541
11.532	499	11.558	517
11.584	498	11.609	490
11.634	498	11.659	470
11.685	498	11.711	450
11.735	498	11.761	437
11.786	497	11.812	427
11.836	498	11.862	421
11.888	498	11.913	422
11.938	497	11.963	429
11.989	499	12.015	440
12.039	499	12.065	456
12.090	500	12.116	476
12.141	499	12.166	498
12.192	499	12.217	523
12.242	500	12.268	547
12.293	500	12.319	571
12.343	500	12.369	593
12.395	500	12.420	611
12.445	501	12.470	625
12.496	500	12.522	634
12.546	500	12.572	639
12.597	500	12.623	638
12.648	502	12.673	631
12.699	501	12.724	620
12.749	500	12.774	605
12.800	499	12.826	585
12.850	499	12.876	563
12.901	499	12.927	540
12.952	498	12.977	514
13.003	498	13.028	491
13.053	498	13.079	469
13.104	497	13.130	451
13.154	498	13.180	437
13.206	498	13.231	427
13.256	498	13.281	423
13.307	498	13.333	424
13.357	498	13.383	431
13.408	498	13.434	443
13.459	498	13.484	459
13.510	499	13.535	479
13.560	499	13.585	501
13.611	500	13.637	525
13.661	499	13.687	549
13.712	500	13.738	572
13.763	500	13.788	593
13.814	501	13.839	611
13.865	500	13.890	625
13.915	500	13.941	633
13.966	500	13.991	637
14.017	500	14.042	635
14.068	499	14.092	629
14.118	499	14.144	617
14.169	499	14.194	601
14.219	499	14.245	582
14.271	498	14.295	560
14.321	498	14.346	537
14.372	498	14.396	513
14.422	498	14.448	490
14.473	498	14.498	469
14.523	498	14.549	451
14.575	498	14.599	438
14.625	498	14.650	428
14.676	497	14.701	425
14.726	499	14.752	426
14.777	498	14.802	434
14.828	499	14.853	445
14.879	499	14.903	460
14.929	499	14.955	482
14.980	500	15.005	504
15.030	498	15.056	527
15.082	499	15.106	550
15.132	500	15.157	573
15.183	500	15.208	593
15.233	500	15.259	610
15.284	500	15.309	624
15.334	499	15.360	632
15.386	499	15.410	635
15.436	499	15.461	633
15.487	499	15.512	626
15.537	499	15.563	615
15.588	499	15.613	599
15.639	499	15.664	579
15.690	498	15.714	557
15.740	499	15.766	534
15.791	498	15.816	511
15.841	499	15.867	487
15.893	499	15.917	469
15.943	498	15.968	451
15.994	499	16.019	438
16.044	498	16.070	430
16.095	498	16.120	426
16.145	498	16.171	429
16.197	499	16.221	436
16.247	499	16.272	448
16.298	500	16.323	464
16.348	499	16.374	484
16.399	500	16.424	507
16.450	499	16.475	530
16.501	500	16.525	552
16.551	499	16.577	574
16.602	499	16.627	594
16.652	500	16.678	610
16.704	500	16.728	623
16.754	499	16.779	630
16.805	499	16.830	634
16.855	499	16.881	631
16.906	498	16.932	624
16.956	499	16.982	612
17.008	498	17.033	596
17.058	499	17.083	577
17.109	499	17.135	556
17.159	499	17.185	533
17.210	498	17.236	510
17.261	499	17.286	488
17.312	499	17.337	468
17.362	499	17.388	451
17.413	499	17.439	439
17.463	498	17.489	431
17.515	498	17.540	428
17.565	499	17.590	431
17.616	498	17.642	439
17.666	499	17.692	451
17.717	499	17.743	467
17.768	499	17.793	487
17.819	499	17.844	508
17.869	499	17.894	530
17.920	499	17.946	554
17.970	499	17.996	575
18.021	499	18.047	594
18.072	500	18.097	610
18.123	499	18.148	622
18.173	499	18.199	629
18.224	500	18.250	632
18.274	499	18.300	629
18.326	500	18.351	621
18.376	499	18.401	610
18.427	499	18.453	594
18.477	499	18.503	574
18.528	499	18.554	551
18.579	498	18.604	530
18.630	499	18.655	508
18.680	500	18.705	486
18.731	499	18.757	466
18.781	499	18.807	452
18.832	498	18.858	440
18.883	498	18.908	432
18.934	499	18.959	430
18.984	499	19.010	433
19.035	499	19.061	440
19.085	499	19.111	453
19.137	499	19.162	469
19.187	499	19.212	488
19.238	499	19.264	511
19.288	499	19.314	533
19.339	499	19.365	555
19.390	499	19.415	576
19.441	499	19.466	594
19.491	498	19.516	610
19.542	499	19.568	621
19.592	499	19.618	628
19.643	498	19.669	630
19.694	499	19.719	627
19.745	499	19.770	619
19.795	499	19.821	607
19.846	499	19.872	590
19.896	499	19.922	571
19.948	499	19.973	551
19.998	499	20.023	528
20.049	499	20.075	505
20.099	498	20.125	485
20.150	500	20.176	467
20.201	499	20.226	451
20.252	499	20.277	440
20.302	500	20.328	434
20.353	499	20.379	431
20.403	498	20.429	435
20.454	498	20.480	443
20.505	499	20.530	455
20.556	499	20.581	472
20.607	498	20.632	491
20.657	499	20.683	512
20.708	499	20.733	535
20.759	499	20.784	556
20.810	500	20.834	577
20.860	499	20.886	595
20.911	497	20.936	609
20.961	499	20.987	620
21.013	499	21.037	626
21.063	499	21.088	629
21.114	499	21.139	626
21.164	500	21.190	617
21.215	499	21.240	604
21.265	500	21.291	588
21.317	500	21.341	569
21.367	500	21.392	548
21.418	499	21.443	526
21.468	500	21.494	505
21.519	499	21.544	485
21.570	499	21.595	467
21.621	500	21.645	451
21.671	498	21.697	441
21.722	499	21.747	435
21.772	499	21.798	434
21.824	499	21.848	437
21.874	499	21.899	446
21.925	499	21.950	457
21.975	498	22.001	475
22.026	499	22.051	494
22.076	498	22.102	515
22.128	498	22.152	537
22.178	499	22.203	557
22.229	498	22.254	578
22.279	499	22.305	594
22.330	498	22.355	610
22.381	500	22.406	620
22.432	499	22.456	625
22.482	500	22.508	626
22.533	500	22.558	622
22.583	500	22.609	614
22.635	500	22.659	601
22.685	499	22.710	586
22.736	500	22.761	567
22.786	500	22.812	546
22.837	501	22.862	525
22.888	500	22.913	504
22.939	500	22.963	484
22.989	499	23.014	466
23.040	499	23.065	452
23.090	499	23.116	442
23.141	499	23.166	437
23.192	499	23.217	437
23.243	498	23.267	439
23.293	498	23.319	447
23.344	499	23.369	461
23.394	498	23.420	477
23.446	498	23.470	496
23.496	499	23.521	516
23.547	499	23.572	539
23.597	499	23.623	559
23.648	498	23.674	579
23.699	499	23.724	596
23.750	499	23.775	609
23.800	499	23.825	619
23.851	500	23.877	624
23.901	500	23.927	624
23.952	500	23.978	620
24.003	500	24.028	612
24.054	500	24.079	599
24.104	500	24.130	583
24.155	500	24.181	565
24.205	499	24.231	544
24.257	499	24.282	523
24.307	501	24.332	503
24.358	500	24.384	483
24.408	498	24.434	466
24.459	499	24.485	452
24.510	499	24.535	443
24.561	499	24.586	438
24.611	498	24.636	437
24.662	498	24.688	442
24.712	498	24.738	451
24.763	498	24.789	464
24.814	498	24.839	480
24.865	498	24.890	499
24.915	499	24.941	519
24.966	499	24.992	540
25.016	499	25.042	560
25.068	499	25.093	580
25.118	500	25.143	595
25.169	499	25.195	609
25.219	499	25.245	618
25.270	500	25.296	623
25.321	500	25.346	623
25.372	500	25.397	618
25.422	500	25.448	609
25.473	500	25.499	597
25.523	500	25.549	581
25.574	500	25.600	562
25.625	500	25.650	542
25.676	499	25.701	521
25.726	499	25.752	501
25.777	498	25.803	482
25.827	499	25.853	466
25.879	499	25.904	453
