#Creator: pendulumviewEventBuffer
#Creation time: Fri Mar 15 09:51:11 2024
#Time A	Pos A	Time B	Pos B
#[s]	[au]	[s]	[au]
0.025	634	0.050	636
0.075	627	0.101	625
0.127	613	0.151	609
0.177	592	0.202	583
0.228	564	0.254	554
0.278	531	0.304	519
0.329	496	0.355	482
0.380	460	0.405	445
0.431	425	0.456	407
0.481	394	0.507	375
0.532	366	0.558	347
0.582	344	0.608	325
0.634	328	0.659	312
0.684	320	0.709	306
0.735	317	0.760	308
0.785	325	0.811	318
0.836	338	0.862	337
0.886	357	0.912	362
0.938	383	0.963	394
0.988	412	1.013	427
1.039	444	1.065	462
1.089	479	1.115	500
1.140	514	1.166	536
1.191	547	1.216	568
1.242	576	1.267	595
1.292	600	1.318	615
1.343	617	1.369	628
1.393	626	1.419	633
1.445	628	1.470	632
1.495	622	1.520	621
1.546	608	1.571	603
1.596	587	1.622	579
1.647	560	1.673	549
1.697	529	1.723	516
1.749	495	1.774	478
1.799	461	1.824	442
1.850	427	1.876	405
1.900	397	1.926	374
1.951	369	1.977	348
2.002	347	2.027	327
2.053	332	2.078	314
2.103	324	2.129	308
2.154	322	2.180	311
2.204	328	2.230	322
2.256	341	2.281	341
2.306	360	2.331	366
2.357	384	2.382	395
2.407	413	2.433	430
2.458	445	2.484	467
2.508	480	2.534	503
2.560	514	2.585	538
2.610	547	2.635	569
2.661	573	2.687	596
2.711	599	2.737	616
2.762	615	2.788	627
2.813	625	2.838	632
2.864	626	2.889	629
2.914	620	2.940	617
2.965	605	2.991	600
3.015	585	3.041	575
3.067	559	3.092	545
3.117	527	3.142	511
3.168	494	3.194	475
3.218	459	3.244	438
3.269	426	3.295	404
3.319	396	3.345	373
3.371	369	3.396	346
3.421	348	3.446	327
3.472	333	3.498	315
3.522	325	3.548	311
3.573	324	3.599	315
3.624	331	3.649	326
3.675	344	3.700	345
3.725	363	3.751	372
3.776	387	3.802	401
3.826	417	3.852	435
3.878	449	3.903	471
3.928	481	3.953	507
3.979	515	4.005	541
4.029	547	4.055	572
4.080	575	4.106	596
4.130	598	4.156	614
4.182	613	4.207	624
4.232	622	4.257	629
4.283	623	4.309	625
4.333	616	4.359	613
4.384	602	4.410	595
4.435	581	4.460	570
4.486	557	4.511	540
4.536	524	4.562	506
4.587	491	4.613	471
4.637	456	4.663	435
4.689	425	4.714	402
4.739	396	4.764	372
4.790	369	4.816	347
4.840	350	4.866	329
4.891	335	4.917	319
4.941	327	4.967	314
4.993	327	5.018	319
5.043	333	5.068	331
5.094	346	5.120	351
5.144	365	5.170	375
5.195	391	5.221	406
5.246	418	5.271	439
5.297	451	5.322	475
5.347	482	5.373	510
5.398	516	5.424	542
5.448	547	5.474	572
5.500	574	5.525	596
5.550	597	5.575	614
5.601	612	5.627	623
5.651	620	5.677	627
5.702	621	5.728	621
5.752	614	5.778	609
5.804	600	5.829	591
5.854	579	5.879	565
5.905	553	5.931	536
5.955	522	5.981	502
6.006	491	6.032	467
6.057	456	6.082	433
6.108	425	6.133	399
6.158	395	6.184	371
6.209	370	6.235	347
6.259	350	6.285	330
6.311	337	6.336	320
6.361	329	6.386	318
6.412	328	6.438	322
6.462	335	6.488	336
6.513	348	6.539	355
6.563	368	6.589	381
6.615	392	6.640	411
6.665	420	6.690	444
6.716	452	6.742	479
6.766	484	6.792	513
6.817	517	6.843	545
6.869	546	6.893	573
6.919	574	6.944	596
6.970	596	6.995	612
7.020	611	7.046	620
7.071	618	7.096	623
7.122	619	7.147	618
7.173	612	7.197	606
7.223	597	7.249	586
7.274	577	7.299	561
7.324	550	7.350	531
7.376	520	7.400	498
7.426	488	7.451	464
7.477	455	7.501	430
7.527	423	7.553	398
7.578	396	7.603	371
7.628	371	7.654	348
7.680	350	7.704	332
7.730	338	7.755	323
7.781	330	7.806	321
7.831	330	7.857	327
7.882	337	7.907	340
7.933	350	7.958	360
7.984	369	8.008	386
8.034	394	8.060	415
8.085	422	8.110	448
8.135	453	8.161	482
8.187	485	8.211	515
8.237	518	8.262	547
8.288	548	8.312	574
8.338	575	8.364	595
8.389	595	8.414	611
8.439	609	8.465	618
8.491	617	8.515	620
8.541	617	8.566	613
8.592	610	8.617	602
8.642	596	8.668	581
8.693	575	8.718	556
8.744	548	8.769	526
8.795	518	8.819	494
8.845	486	8.871	461
8.896	454	8.921	428
8.946	423	8.972	397
8.998	395	9.022	371
9.048	369	9.073	349
9.099	350	9.123	334
9.149	337	9.175	325
9.200	331	9.225	325
9.250	332	9.276	331
9.302	338	9.326	344
9.352	352	9.377	365
9.403	371	9.428	392
9.453	396	9.479	421
9.504	424	9.529	453
9.555	455	9.580	485
9.606	488	9.630	518
9.656	520	9.682	547
9.707	550	9.732	573
9.757	575	9.783	595
9.809	596	9.833	608
9.859	610	9.884	616
9.910	616	9.934	617
9.960	615	9.986	610
10.011	608	10.037	596
10.061	593	10.087	577
10.113	572	10.138	551
10.163	547	10.188	523
10.214	516	10.240	490
10.264	484	10.290	459
10.315	451	10.341	426
10.366	421	10.391	396
10.417	393	10.442	371
10.467	370	10.493	351
10.518	351	10.544	336
10.568	339	10.594	329
10.620	334	10.645	327
10.670	333	10.695	335
10.721	340	10.747	349
10.771	355	10.797	369
10.822	374	10.848	395
10.872	398	10.898	424
10.924	427	10.949	456
10.974	458	10.999	486
11.025	490	11.051	519
11.075	522	11.101	548
11.126	551	11.152	574
11.177	576	11.202	593
11.228	596	11.253	606
11.278	609	11.304	613
11.329	615	11.355	613
11.379	615	11.405	605
11.431	606	11.456	592
11.481	591	11.506	573
11.532	569	11.558	548
11.582	544	11.608	519
11.633	513	11.659	488
11.683	481	11.709	456
11.735	449	11.760	424
11.785	419	11.810	396
11.836	392	11.862	371
11.886	368	11.912	352
11.937	351	11.963	338
11.988	339	12.013	332
12.039	333	12.064	332
12.089	334	12.115	340
12.140	342	12.166	354
12.190	357	12.216	374
12.242	378	12.267	399
12.292	402	12.317	427
12.343	430	12.369	458
12.393	461	12.419	489
12.444	492	12.470	520
12.494	524	12.520	549
12.546	553	12.571	574
12.596	577	12.621	591
12.647	596	12.673	604
12.697	608	12.723	609
12.748	615	12.774	610
12.799	613	12.824	602
12.850	605	12.875	588
12.900	588	12.926	568
12.951	568	12.977	543
13.001	540	13.027	516
13.053	510	13.078	485
13.103	479	13.128	453
13.154	447	13.180	423
13.204	417	13.230	396
13.255	390	13.281	372
13.306	368	13.331	354
13.357	350	13.382	341
13.407	339	13.432	335
13.458	334	13.484	336
13.508	335	13.534	344
13.559	344	13.585	358
13.610	359	13.635	378
13.661	381	13.686	403
13.711	405	13.737	431
13.762	433	13.788	461
13.812	463	13.838	492
13.864	495	13.889	522
13.914	526	13.939	549
13.965	554	13.991	572
14.015	579	14.041	590
14.066	597	14.092	601
14.117	609	14.142	607
14.168	615	14.193	606
14.218	612	14.243	599
14.269	602	14.295	585
14.319	586	14.345	565
14.370	564	14.396	541
14.421	538	14.446	513
14.472	507	14.497	483
14.523	476	14.548	452
14.573	446	14.599	423
14.624	415	14.649	396
14.675	389	14.700	374
14.726	366	14.750	356
14.776	350	14.802	344
14.827	339	14.852	338
14.877	335	14.903	339
14.929	338	14.953	347
14.979	346	15.004	361
15.030	361	15.054	382
15.080	383	15.106	405
15.131	408	15.156	434
15.181	437	15.207	464
15.233	467	15.257	494
15.283	497	15.308	523
15.334	529	15.359	549
15.384	556	15.410	571
15.435	580	15.460	588
15.486	597	15.511	599
15.537	609	15.561	604
15.587	614	15.613	602
15.638	611	15.663	593
15.688	600	15.714	581
15.740	584	15.764	562
15.790	561	15.815	537
15.841	534	15.866	510
15.891	504	15.917	481
15.942	472	15.967	451
15.992	442	16.018	422
16.044	413	16.068	394
16.094	387	16.119	374
16.145	366	16.170	357
16.195	350	16.221	346
16.246	340	16.271	341
16.297	337	16.322	343
16.348	339	16.372	350
16.398	349	16.424	366
16.449	364	16.474	386
16.499	387	16.525	409
16.551	411	16.575	436
16.601	440	16.626	465
16.652	470	16.677	495
16.702	501	16.728	524
16.753	531	16.778	548
16.803	558	16.829	570
16.855	582	16.879	586
16.905	598	16.930	597
16.956	608	16.981	602
17.006	611	17.032	600
17.057	609	17.082	592
17.108	598	17.133	579
17.159	581	17.183	559
17.209	558	17.235	536
17.260	531	17.285	507
17.310	501	17.336	479
17.362	469	17.386	450
17.412	440	17.437	422
17.463	411	17.488	396
17.513	385	17.539	376
17.564	365	17.590	359
17.614	350	17.640	349
17.666	341	17.691	345
17.716	337	17.741	346
17.767	341	17.793	355
17.817	351	17.843	369
17.868	368	17.894	388
17.919	389	17.944	412
17.970	414	17.995	439
18.020	443	18.046	468
18.071	474	18.097	496
18.121	504	18.147	524
18.173	534	18.198	548
18.223	560	18.248	569
18.274	583	18.300	585
18.324	598	18.350	594
18.375	607	18.401	600
18.426	610	18.451	597
18.477	606	18.502	589
18.527	595	18.552	575
18.578	577	18.604	556
18.628	554	18.654	532
18.679	527	18.705	506
18.730	497	18.755	478
18.781	466	18.806	449
18.831	436	18.857	422
18.882	408	18.908	397
18.932	384	18.958	377
18.984	365	19.009	361
19.034	350	19.059	351
19.085	341	19.111	347
19.135	339	19.161	349
19.186	343	19.212	358
19.237	354	19.262	372
19.288	370	19.313	392
19.338	392	19.363	416
19.389	418	19.415	441
19.439	447	19.465	469
19.490	477	19.516	497
19.541	507	19.566	523
19.592	536	19.617	546
19.642	562	19.668	568
19.693	582	19.719	583
19.743	599	19.769	593
19.795	607	19.820	597
19.845	610	19.870	594
19.896	603	19.922	586
19.946	592	19.972	571
19.997	573	20.023	553
20.048	550	20.073	530
20.099	523	20.124	504
20.149	493	20.174	476
20.200	462	20.226	448
20.250	433	20.276	420
20.301	406	20.327	398
20.352	383	20.377	377
20.403	363	20.428	363
20.453	350	20.479	353
20.504	342	20.530	349
20.554	340	20.580	352
20.606	345	20.631	361
20.656	358	20.681	375
20.707	374	20.733	394
20.757	396	20.783	417
20.808	421	20.834	443
20.859	451	20.884	470
20.910	481	20.935	498
20.960	511	20.986	525
21.011	539	21.037	548
21.061	564	21.087	569
21.112	584	21.138	582
21.163	598	21.188	591
21.214	606	21.239	595
21.265	607	21.290	593
21.315	602	21.341	583
21.366	588	21.391	570
21.417	569	21.442	551
21.468	546	21.492	528
21.518	519	21.544	503
21.569	489	21.594	476
21.619	460	21.645	448
21.671	430	21.695	421
21.721	404	21.746	398
21.772	381	21.797	380
21.822	363	21.848	365
21.873	350	21.898	356
21.923	343	21.949	351
21.975	343	21.999	354
22.025	349	22.050	363
22.076	361	22.101	377
22.126	378	22.152	396
22.177	400	22.202	419
22.228	427	22.253	445
22.279	455	22.303	471
22.329	484	22.355	499
22.380	514	22.405	524
22.430	542	22.456	547
22.482	566	22.506	566
22.532	584	22.557	580
22.583	597	22.608	589
22.633	605	22.659	592
22.684	605	22.709	591
22.734	597	22.760	581
22.786	584	22.810	567
22.836	566	22.861	549
22.887	542	22.912	527
22.937	515	22.963	501
22.988	486	23.013	474
23.039	456	23.064	447
23.090	429	23.114	421
23.140	402	23.166	399
23.191	380	23.216	379
23.241	363	23.267	365
23.293	351	23.317	356
23.343	345	23.368	354
23.394	345	23.419	356
23.444	352	23.470	365
23.495	365	23.520	379
23.546	382	23.571	398
23.597	405	23.621	422
23.647	431	23.672	446
23.698	458	23.723	473
23.748	488	23.774	500
23.799	517	23.824	525
23.850	544	23.875	547
23.901	566	23.925	566
23.951	584	23.977	581
24.002	597	24.027	590
24.052	603	24.078	591
24.104	602	24.128	588
24.154	595	24.179	580
24.205	581	24.230	566
24.255	562	24.281	546
24.306	538	24.332	525
24.357	510	24.382	500
24.408	482	24.433	474
24.458	453	24.483	447
24.509	425	24.535	421
24.559	400	24.585	399
24.610	380	24.636	381
24.661	363	24.686	366
24.712	352	24.737	358
24.762	347	24.788	356
24.813	348	24.839	358
24.863	356	24.889	367
24.915	368	24.940	382
24.965	388	24.990	400
25.016	409	25.042	423
25.066	434	25.092	448
25.117	462	25.143	475
25.168	491	25.193	501
25.219	520	25.244	526
25.269	545	25.294	548
25.320	567	25.346	566
25.370	584	25.396	580
25.421	595	25.447	588
25.472	601	25.497	590
25.523	599	25.548	586
25.573	591	25.599	578
25.624	577	25.650	564
25.674	558	25.700	545
25.726	534	25.751	523
25.776	507	25.801	498
25.827	479	25.853	472
25.877	450	25.903	446
25.928	423	25.954	421
25.979	400	26.004	399
26.030	379	26.055	381
26.080	365	26.106	368
26.131	353	26.157	359
26.181	350	26.207	357
26.232	352	26.258	359
26.283	359	26.308	368
26.334	372	26.359	383
26.384	390	26.410	402
26.435	413	26.461	425
26.485	439	26.511	450
26.537	466	26.562	476
26.587	495	26.612	502
26.638	521	26.664	526
26.688	547	26.714	548
26.739	567	26.765	566
26.790	583	26.815	579
26.841	593	26.866	587
26.891	599	26.917	589
26.942	596	26.968	586
26.992	587	27.018	577
27.043	573	27.069	563
27.094	553	27.119	544
27.145	530	27.170	522
27.195	503	27.221	497
27.246	475	27.272	471
27.296	448	27.322	445
27.348	422	27.373	421
27.398	399	27.423	399
27.449	380	27.475	381
27.499	365	27.525	368
27.550	355	27.576	360
27.601	352	27.626	357
27.652	354	27.677	361
27.702	363	27.728	372
27.753	376	27.779	386
27.803	395	27.829	405
27.854	417	27.880	428
27.905	442	27.930	451
27.956	469	27.981	477
28.006	496	28.032	503
28.057	523	28.083	528
28.107	547	28.133	549
28.159	567	28.184	566
28.209	583	28.234	579
28.260	592	28.286	587
28.310	595	28.336	589
28.361	593	28.387	585
28.412	584	28.437	576
28.463	569	28.488	561
28.513	549	28.539	542
28.564	526	28.590	519
28.614	500	28.640	496
28.666	472	28.691	470
28.716	446	28.741	443
28.767	421	28.792	420
28.817	398	28.843	399
28.868	380	28.894	381
28.918	367	28.944	368
28.970	358	28.995	361
29.020	355	29.045	359
29.071	357	29.097	363
29.121	367	29.147	373
29.172	381	29.198	387
29.223	398	29.248	406
29.274	420	29.299	430
29.324	446	29.350	453
29.375	471	29.401	478
29.425	498	29.451	505
29.477	524	29.502	529
29.527	547	29.552	550
29.578	566	29.603	566
29.628	582	29.654	579
29.679	590	29.705	586
29.729	592	29.755	588
29.781	589	29.806	584
29.831	581	29.856	574
29.882	565	29.908	559
29.932	547	29.958	541
29.983	522	30.009	518
30.034	497	30.059	493
30.085	470	30.110	467
30.135	444	30.161	442
30.186	420	30.212	418
30.236	398	30.262	398
30.288	381	30.313	381
30.338	368	30.363	369
30.389	360	30.414	362
30.439	357	30.465	360
30.490	361	30.516	365
30.540	370	30.566	374
30.592	384	30.617	389
30.642	403	30.667	408
30.693	423	30.719	431
30.743	448	30.769	455
30.794	473	30.820	481
30.845	500	30.870	507
30.896	525	30.921	530
30.946	547	30.972	551
30.997	565	31.023	566
31.047	579	31.073	579
31.099	587	31.124	586
31.149	590	31.174	587
31.200	586	31.226	583
31.250	576	31.276	573
31.301	561	31.327	557
31.351	541	31.377	539
31.403	519	31.428	516
31.453	493	31.478	491
31.504	468	31.530	466
31.554	442	31.580	441
31.605	419	31.631	417
31.656	399	31.681	397
31.707	381	31.732	379
31.757	371	31.783	368
31.808	362	31.834	362
31.858	361	31.884	360
31.910	364	31.935	366
31.960	375	31.985	376
32.011	387	32.037	391
32.061	406	32.087	411
32.112	428	32.138	434
32.162	451	32.188	458
32.214	476	32.239	483
32.264	502	32.289	508
32.315	525	32.341	532
32.365	547	32.391	551
32.416	565	32.442	569
32.467	578	32.492	579
32.518	585	32.543	587
32.568	587	32.594	586
32.619	583	32.645	582
32.669	572	32.695	571
32.721	557	32.746	555
32.771	538	32.796	536
32.822	516	32.848	514
32.872	492	32.898	489
32.923	465	32.949	464
32.973	441	32.999	439
33.025	418	33.050	416
33.075	399	33.100	396
33.126	383	33.152	380
33.176	371	33.202	369
33.227	365	33.253	363
33.278	364	33.303	362
33.329	368	33.354	368
33.379	377	33.405	378
33.430	391	33.456	393
33.480	408	33.506	413
33.532	430	33.557	436
33.582	453	33.607	461
33.633	477	33.659	486
33.683	503	33.709	510
33.734	527	33.760	533
33.784	547	33.810	552
33.836	563	33.861	568
33.887	576	33.911	579
33.937	582	33.963	585
33.988	584	34.013	584
34.038	579	34.064	579
34.090	569	34.114	569
34.140	554	34.165	553
34.191	536	34.216	534
34.241	513	34.267	511
34.292	489	34.317	487
34.343	465	34.368	462
34.394	440	34.418	437
34.444	418	34.470	415
34.495	399	34.520	395
34.545	384	34.571	379
34.597	375	34.621	368
34.647	367	34.672	364
34.698	366	34.722	363
34.748	371	34.774	369
34.799	380	34.824	381
34.849	394	34.875	395
34.901	412	34.925	416
34.951	433	34.976	439
35.002	456	35.027	464
35.052	479	35.078	489
35.103	504	35.128	513
35.154	526	35.179	535
35.205	546	35.229	554
35.255	561	35.281	570
35.306	573	35.331	579
35.356	580	35.382	584
35.408	581	35.432	584
35.458	576	35.483	578
35.509	566	35.533	567
35.559	551	35.585	552
35.610	532	35.635	532
35.660	511	35.686	509
35.712	487	35.736	484
35.762	463	35.787	459
35.813	439	35.838	435
35.863	418	35.889	413
35.914	400	35.939	394
35.965	386	35.990	380
36.016	375	36.040	369
36.066	370	36.092	364
36.117	369	36.142	365
36.167	374	36.193	371
36.219	383	36.243	383
36.269	397	36.294	399
36.320	414	36.344	419
36.370	435	36.396	442
36.421	458	36.446	467
36.471	482	36.497	492
36.523	505	36.547	515
36.573	526	36.598	537
36.624	546	36.649	555
36.674	560	36.700	570
36.725	572	36.750	580
36.776	577	36.801	583
36.827	577	36.852	583
36.877	573	36.903	576
36.928	563	36.954	564
36.978	549	37.004	548
37.030	530	37.055	528
37.080	509	37.105	506
37.131	486	37.157	481
37.181	462	37.207	456
37.232	440	37.258	433
37.282	420	37.308	411
37.334	401	37.359	393
37.384	386	37.409	379
37.435	379	37.461	369
37.485	372	37.511	365
37.536	372	37.562	367
37.587	377	37.612	374
37.638	386	37.663	385
37.688	399	37.714	403
37.739	417	37.765	423
37.789	437	37.815	445
37.841	460	37.866	471
37.891	482	37.916	494
37.942	506	37.968	518
37.992	527	38.018	539
38.043	545	38.069	556
38.093	560	38.119	571
38.145	570	38.170	579
38.195	575	38.220	582
38.246	574	38.272	581
38.296	571	38.322	574
38.347	560	38.373	562
38.398	546	38.423	545
38.449	528	38.474	526
38.499	506	38.525	503
38.550	484	38.576	478
38.600	461	38.626	454
38.652	439	38.677	430
38.702	419	38.727	410
38.753	402	38.779	392
38.803	389	38.829	379
38.854	379	38.880	370
38.904	374	38.930	366
38.956	373	38.981	370
39.006	379	39.031	376
39.057	388	39.083	389
39.107	402	39.133	406
39.158	419	39.184	426
39.209	439	39.234	449
39.260	461	39.285	473
39.310	484	39.336	496
39.361	506	39.387	520
39.411	527	39.437	541
39.463	544	39.488	557
39.513	559	39.538	571
39.564	569	39.590	579
39.614	574	39.640	581
39.665	574	39.691	579
39.715	568	39.741	572
39.767	559	39.792	559
39.817	544	39.842	543
39.868	526	39.894	522
39.918	505	39.944	500
39.969	483	39.995	475
40.020	461	40.045	451
40.071	439	40.096	428
40.122	420	40.147	409
40.172	403	40.198	389
40.223	390	40.248	379
40.274	380	40.299	370
40.325	376	40.349	368
40.375	376	40.401	371
40.426	381	40.451	379
40.476	392	40.502	392
40.528	405	40.552	409
40.578	421	40.603	429
40.629	442	40.653	452
40.679	463	40.705	476
40.730	484	40.755	500
40.780	506	40.806	522
40.832	527	40.856	542
40.882	544	40.907	558
40.933	557	40.958	571
40.983	567	41.009	578
41.034	572	41.059	580
41.085	572	41.110	577
41.136	567	41.160	570
41.186	557	41.212	555
41.237	541	41.262	539
41.287	524	41.313	518
41.339	504	41.363	496
41.389	482	41.414	471
41.440	460	41.464	448
41.490	439	41.516	426
41.541	420	41.566	407
41.591	404	41.617	391
41.643	391	41.667	379
41.693	381	41.718	371
41.744	378	41.769	369
41.794	378	41.820	373
41.845	383	41.870	382
41.896	392	41.921	395
41.947	407	41.971	412
41.997	423	42.023	433
42.048	443	42.073	456
42.098	464	42.124	479
42.150	485	42.174	502
42.200	507	42.225	523
42.251	527	42.275	542
42.301	543	42.327	558
42.352	557	42.377	571
42.402	566	42.428	576
42.454	571	42.478	577
42.504	570	42.529	574
42.555	565	42.580	566
42.605	555	42.631	552
42.656	542	42.681	536
42.707	523	42.732	515
42.758	501	42.782	493
42.808	482	42.834	470
42.859	459	42.884	447
42.909	439	42.935	425
42.961	420	42.985	406
43.011	404	43.036	390
43.062	392	43.086	379
43.112	383	43.138	372
43.163	379	43.189	372
43.213	380	43.239	377
43.265	385	43.290	385
43.315	395	43.340	399
43.366	408	43.392	416
43.416	425	43.442	437
43.467	445	43.493	459
43.518	464	43.543	482
43.569	487	43.594	504
43.619	507	43.645	526
43.670	527	43.696	544
43.720	543	43.746	558
43.772	556	43.797	570
43.822	565	43.847	575
43.873	569	43.899	575
43.923	569	43.949	571
43.974	563	44.000	562
44.024	553	44.050	549
44.076	538	44.101	532
44.126	520	44.151	512
44.177	501	44.203	490
44.227	479	44.253	467
44.278	459	44.304	445
44.329	438	44.354	424
44.380	420	44.405	405
44.430	404	44.456	390
44.481	393	44.507	381
44.531	384	44.557	376
44.583	380	44.608	374
44.633	381	44.658	379
44.684	386	44.710	389
44.734	396	44.760	402
44.785	410	44.811	420
44.835	426	44.861	440
44.887	446	44.912	462
44.937	467	44.962	484
44.988	488	45.014	507
45.038	509	45.064	527
45.089	527	45.115	544
45.140	543	45.165	559
45.191	556	45.216	568
45.241	564	45.267	573
45.292	568	45.318	573
45.342	568	45.368	568
45.394	561	45.419	560
45.444	552	45.469	546
45.495	537	45.521	528
45.545	520	45.571	509
45.596	500	45.622	487
45.646	478	45.672	465
45.698	458	45.723	443
45.748	437	45.773	423
45.799	420	45.825	406
45.849	405	45.875	391
45.900	392	45.926	382
45.951	385	45.976	378
46.002	382	46.027	377
46.052	383	46.078	383
46.103	388	46.129	392
46.153	398	46.179	406
46.205	412	46.230	424
46.255	428	46.280	442
46.306	447	46.332	465
46.356	467	46.382	486
46.407	489	46.433	508
46.458	509	46.483	528
46.509	528	46.534	544
46.559	543	46.584	558
46.610	556	46.636	567
46.660	564	46.686	572
46.711	568	46.737	571
46.762	566	46.787	566
46.813	560	46.838	557
46.863	550	46.889	541
46.914	536	46.940	523
46.964	518	46.990	505
47.016	498	47.041	484
47.066	478	47.091	462
47.117	457	47.143	441
47.167	438	47.193	421
47.218	420	47.244	405
47.269	405	47.294	392
47.320	394	47.345	383
47.370	385	47.395	377
47.421	383	47.447	380
47.471	384	47.497	387
47.522	389	47.548	395
47.573	400	47.598	409
47.624	413	47.649	428
47.675	430	47.700	447
47.725	448	47.751	468
47.776	469	47.801	490
47.827	490	47.852	510
47.878	510	47.902	529
47.928	527	47.954	545
47.979	544	48.004	557
48.029	554	48.055	566
48.081	563	48.105	570
48.131	567	48.156	569
48.182	565	48.206	563
48.232	559	48.258	554
48.283	549	48.308	538
48.333	534	48.359	522
48.385	517	48.409	502
48.435	497	48.460	482
48.486	476	48.511	460
48.536	455	48.562	440
48.587	436	48.612	421
48.638	419	48.663	405
48.689	405	48.713	393
48.739	393	48.765	385
48.790	385	48.815	382
48.840	384	48.866	383
48.892	384	48.916	389
48.942	391	48.967	397
48.993	401	49.018	412
49.043	415	49.069	431
49.094	432	49.119	449
49.144	450	49.170	470
49.196	470	49.220	491
49.246	491	49.271	512
49.297	511	49.322	530
49.347	529	49.373	544
49.398	543	49.423	557
49.449	556	49.474	564
49.500	563	49.524	567
49.550	567	49.576	566
49.601	564	49.626	560
49.651	558	49.677	549
49.703	547	49.727	536
49.753	533	49.778	520
49.804	515	49.829	500
49.854	495	49.880	480
49.905	475	49.930	460
49.955	455	49.981	439
50.007	435	50.031	421
50.057	418	50.082	406
50.108	404	50.133	394
50.158	394	50.184	387
50.209	387	50.234	384
50.260	384	50.285	386
50.311	386	50.335	391
50.361	393	50.387	403
50.412	403	50.437	416
50.462	417	50.488	433
50.514	433	50.538	452
50.564	452	50.589	473
50.615	473	50.640	492
50.665	493	50.691	512
50.716	512	50.742	530
50.766	531	50.792	544
50.818	544	50.843	556
50.868	557	50.893	562
50.919	564	50.945	565
50.969	566	50.995	563
51.020	562	51.046	557
51.071	556	51.096	546
51.122	545	51.147	533
51.172	531	51.198	516
51.223	513	51.249	497
51.273	493	51.299	476
51.325	474	51.350	457
51.375	453	51.400	438
51.426	434	51.452	421
51.476	417	51.502	407
51.527	404	51.553	395
51.578	394	51.603	389
51.629	387	51.654	386
51.679	384	51.704	389
51.730	387	51.756	395
51.780	393	51.806	405
51.831	405	51.857	419
51.882	418	51.907	436
51.933	435	51.958	456
51.983	454	52.009	475
52.034	474	52.060	495
52.084	495	52.110	513
52.136	514	52.161	530
52.186	531	52.211	544
52.237	545	52.263	554
52.287	557	52.313	561
52.338	563	52.364	562
52.389	564	52.414	560
52.440	562	52.465	554
52.490	555	52.515	544
52.541	543	52.567	530
52.591	530	52.617	513
52.642	511	52.668	495
52.693	492	52.718	475
52.744	471	52.769	456
52.794	451	52.820	437
52.845	433	52.871	422
52.895	417	52.921	408
52.947	403	52.972	397
52.997	393	53.022	391
53.048	387	53.074	390
53.098	385	53.124	391
53.149	389	53.175	398
53.200	396	53.225	408
53.251	406	53.276	422
53.301	421	53.326	439
53.352	437	53.378	458
53.402	456	53.428	477
53.453	477	53.479	496
53.504	496	53.529	512
53.555	516	53.580	529
53.605	533	53.631	543
53.656	547	53.682	554
53.706	557	53.732	559
53.758	562	53.783	560
53.808	565	53.833	558
53.859	561	53.885	551
53.909	553	53.935	541
53.960	542	53.986	527
54.011	526	54.036	511
54.062	509	54.087	493
54.112	489	54.138	474
54.163	469	54.189	455
54.213	449	54.239	437
54.264	431	54.290	421
54.315	415	54.340	408
54.366	402	54.391	399
54.417	393	54.442	393
54.467	388	54.493	392
54.518	387	54.543	394
54.569	390	54.594	401
54.620	397	54.644	411
54.670	409	54.696	425
54.721	424	54.746	442
54.771	441	54.797	459
54.823	460	54.847	478
54.873	479	54.898	496
54.924	499	54.949	514
54.974	518	55.000	529
55.025	534	55.050	542
55.075	547	55.101	552
55.127	557	55.151	557
55.177	562	55.202	558
55.228	563	55.253	555
55.278	559	55.304	549
55.329	552	55.354	538
55.380	540	55.405	525
55.431	524	55.455	509
55.481	507	55.507	491
55.532	486	55.557	473
55.582	466	55.608	455
55.634	446	55.658	437
55.684	430	55.709	422
55.735	415	55.760	408
55.785	402	55.811	401
55.836	393	55.861	394
55.886	389	55.912	394
55.938	388	55.962	397
55.988	392	56.013	404
56.039	399	56.064	414
56.089	411	56.115	427
56.140	425	56.165	443
56.191	442	56.216	461
56.242	461	56.266	479
56.292	481	56.318	496
56.343	501	56.368	514
56.393	519	56.419	528
56.445	535	56.469	541
56.495	548	56.520	549
56.546	557	56.571	554
56.596	562	56.622	556
56.647	562	56.672	553
56.698	558	56.723	546
56.749	550	56.773	536
56.799	537	56.824	522
56.850	522	56.875	507
56.900	503	56.926	490
56.951	484	56.976	472
57.002	463	57.027	454
57.053	446	57.077	437
57.103	428	57.129	422
57.154	413	57.179	410
57.204	402	57.230	402
57.256	393	57.280	398
57.306	389	57.331	395
57.357	389	57.382	400
57.407	394	57.433	406
57.458	403	57.484	417
57.509	414	57.534	430
57.560	428	57.585	445
57.610	446	57.635	463
57.661	465	57.687	480
57.711	484	57.737	498
57.762	502	57.788	514
57.813	522	57.838	528
57.864	536	57.889	540
57.914	548	57.940	549
57.965	556	57.991	552
58.015	561	58.041	554
58.067	560	58.092	551
58.117	556	58.142	544
58.168	547	58.194	534
58.218	535	58.244	521
58.269	519	58.295	505
58.320	501	58.345	488
58.371	482	58.396	471
58.421	462	58.446	454
58.472	444	58.498	438
58.522	427	58.548	424
58.573	412	58.599	412
58.624	401	58.649	403
58.675	394	58.700	399
58.725	391	58.751	399
58.776	391	58.802	401
58.826	396	58.852	407
58.878	404	58.903	419
58.928	416	58.953	432
58.979	432	59.005	447
59.029	448	59.055	463
59.080	466	59.106	481
59.131	486	59.156	498
59.182	505	59.207	514
59.232	522	59.258	528
59.283	537	59.309	539
59.333	549	59.359	547
59.384	556	59.410	551
59.435	560	59.460	552
59.486	558	59.511	549
59.536	554	59.562	542
59.587	544	59.613	531
59.637	532	59.663	519
59.689	515	59.714	501
59.739	498	59.764	487
59.790	479	59.816	470
59.840	459	59.866	454
59.891	441	59.917	438
59.942	426	59.967	424
59.993	412	60.018	413
60.043	401	60.069	404
60.094	395	60.120	400
60.144	392	60.170	400
60.195	393	60.221	403
60.246	398	60.271	410
60.297	407	60.322	420
60.347	419	60.373	433
60.398	434	60.424	448
60.448	451	60.474	465
60.500	470	60.525	482
60.550	489	60.575	498
60.601	506	60.627	514
60.651	524	60.677	528
60.702	537	60.728	539
60.753	549	60.778	546
60.804	556	60.829	550
60.854	559	60.880	551
60.905	557	60.931	547
60.955	551	60.981	540
61.006	542	61.032	530
61.057	529	61.082	518
61.108	513	61.133	503
61.158	495	61.184	488
61.209	477	61.235	470
61.259	459	61.285	453
61.311	441	61.336	438
61.361	425	61.386	424
61.412	412	61.438	413
61.462	401	61.488	406
61.513	395	61.539	401
61.564	392	61.589	401
61.615	394	61.640	405
61.665	400	61.691	412
61.716	410	61.742	421
61.766	422	61.792	434
61.818	437	61.843	449
61.868	454	61.893	466
61.919	472	61.944	483
61.969	492	61.995	499
62.020	509	62.046	514
62.070	525	62.096	527
62.122	538	62.147	537
62.172	549	62.197	545
62.223	555	62.249	549
62.273	557	62.299	549
62.324	553	62.350	546
62.375	549	62.400	539
62.426	539	62.451	528
62.476	526	62.502	516
62.527	510	62.553	501
62.577	492	62.603	485
62.629	474	62.654	469
62.679	456	62.704	452
62.730	439	62.755	439
62.780	424	62.806	425
62.831	412	62.857	414
62.881	403	62.907	407
62.933	397	62.958	403
62.983	395	63.008	403
63.034	397	63.060	407
63.084	403	63.110	414
63.135	413	63.161	423
63.186	426	63.211	437
63.237	440	63.262	451
63.287	457	63.313	467
63.338	475	63.364	483
63.388	493	63.414	499
63.440	510	63.465	514
63.490	525	63.515	527
63.541	538	63.566	537
63.591	548	63.617	544
63.642	553	63.668	548
63.692	555	63.718	548
63.744	551	63.769	545
63.794	545	63.819	538
63.845	535	63.871	528
63.895	523	63.921	516
63.946	506	63.972	501
63.997	489	64.022	485
64.048	472	64.073	468
64.098	454	64.124	453
64.149	438	64.175	438
64.199	423	64.225	424
64.251	412	64.276	414
64.301	402	64.326	407
64.352	398	64.378	404
64.402	397	64.428	404
64.453	400	64.479	408
64.503	405	64.529	415
64.555	416	64.580	425
64.605	428	64.630	438
64.656	443	64.682	452
64.706	460	64.732	468
64.757	478	64.783	484
64.808	495	64.833	500
64.859	512	64.884	516
64.909	527	64.935	527
64.960	538	64.986	537
65.010	547	65.036	544
65.062	552	65.087	548
65.112	553	65.137	547
65.163	550	65.189	543
65.213	543	65.239	536
65.264	533	65.290	526
65.314	519	65.340	514
65.366	503	65.391	499
65.416	486	65.441	484
65.467	469	65.493	467
65.517	452	65.543	451
65.568	437	65.594	438
65.619	423	65.644	425
65.670	412	65.695	416
65.720	404	65.746	409
65.771	400	65.797	405
65.821	399	65.847	406
65.873	402	65.898	409
65.923	409	65.948	416
65.974	418	66.000	426
66.024	432	66.050	439
66.075	446	66.101	454
66.125	462	66.151	469
66.177	480	66.202	485
66.227	496	66.252	501
66.278	513	66.304	515
66.328	527	66.354	528
66.379	538	66.405	537
66.431	546	66.455	543
66.481	550	66.506	547
66.532	551	66.557	546
66.582	547	66.608	541
66.633	540	66.658	535
66.684	530	66.709	525
66.735	517	66.759	512
66.785	500	66.811	498
66.836	484	66.861	482
66.886	467	66.912	467
66.938	451	66.962	451
66.988	436	67.013	436
67.039	423	67.063	426
67.089	413	67.115	415
67.140	405	67.165	409
67.190	401	67.216	406
67.242	401	67.266	406
67.292	404	67.317	409
67.343	412	67.368	418
67.393	422	67.419	428
67.444	434	67.469	441
67.495	449	67.520	455
67.546	466	67.570	471
67.596	482	67.622	487
67.647	499	67.672	502
67.697	513	67.723	515
67.749	526	67.773	528
67.799	537	67.824	537
67.850	544	67.874	543
67.900	548	67.926	545
67.951	548	67.976	545
68.001	544	68.027	541
68.053	537	68.077	534
68.103	527	68.128	524
68.154	514	68.179	511
68.204	498	68.230	496
68.255	482	68.280	481
68.306	465	68.331	465
68.357	451	68.381	450
68.407	436	68.433	436
68.458	423	68.483	425
68.508	413	68.534	415
68.560	406	68.584	408
68.610	403	68.635	407
68.661	403	68.685	407
68.711	407	68.737	412
68.762	414	68.787	420
68.812	425	68.838	430
68.864	437	68.888	443
68.914	452	68.939	457
68.965	466	68.990	472
69.015	483	69.041	488
69.066	500	69.091	503
69.117	515	69.142	517
69.168	526	69.192	529
69.218	536	69.244	537
69.269	543	69.294	542
69.319	546	69.345	545
69.371	546	69.395	544
69.421	542	69.446	540
69.472	534	69.496	532
69.522	524	69.548	521
69.573	511	69.599	509
69.623	496	69.649	495
69.675	480	69.700	480
69.725	464	69.750	464
69.776	449	69.802	449
69.826	435	69.852	436
69.877	423	69.903	424
69.928	414	69.953	415
69.979	408	70.004	409
70.029	405	70.055	407
70.080	406	70.106	407
70.130	410	70.156	413
70.182	417	70.207	421
70.232	428	70.257	432
70.283	440	70.309	444
70.333	454	70.359	459
70.384	469	70.410	474
70.434	485	70.460	489
70.486	500	70.511	503
70.536	513	70.561	517
70.587	525	70.613	528
70.637	534	70.663	537
70.688	542	70.714	543
70.739	544	70.764	545
70.790	543	70.815	543
70.840	539	70.866	540
70.891	532	70.917	531
70.941	521	70.967	520
70.993	508	71.018	508
71.043	494	71.068	493
71.094	479	71.120	478
71.144	463	71.170	462
71.195	448	71.221	448
71.245	435	71.271	435
71.297	425	71.322	424
71.347	416	71.372	415
71.398	410	71.424	410
71.448	407	71.474	408
71.499	408	71.525	409
71.550	413	71.575	413
71.601	420	71.626	422
71.651	430	71.677	434
71.702	442	71.728	446
71.752	456	71.778	461
71.804	471	71.829	475
71.854	485	71.879	491
71.905	500	71.931	505
71.955	514	71.981	518
72.006	525	72.032	529
72.056	533	72.082	537
72.108	537	72.133	542
72.158	541	72.183	544
72.209	541	72.235	542
72.259	537	72.285	537
72.310	529	72.336	529
72.361	518	72.386	518
72.412	506	72.437	507
72.462	492	72.488	492
72.513	477	72.539	477
72.563	462	72.589	461
72.615	448	72.640	447
72.665	436	72.690	434
72.716	425	72.742	423
72.766	417	72.792	415
72.817	412	72.843	410
72.867	409	72.893	409
72.919	411	72.944	411
72.969	415	72.994	416
73.020	422	73.046	424
73.070	431	73.096	435
73.121	444	73.147	448
73.172	458	73.197	463
73.223	472	73.248	478
73.274	486	73.299	492
73.324	500	73.350	507
73.375	513	73.400	519
73.426	524	73.451	530
73.477	532	73.501	537
73.527	538	73.553	542
73.578	540	73.603	543
73.628	539	73.654	541
73.680	534	73.704	536
73.730	526	73.755	528
73.781	516	73.805	516
73.831	504	73.857	504
73.882	490	73.907	489
73.932	475	73.958	475
73.984	461	74.008	459
74.034	448	74.059	444
74.085	436	74.110	433
74.135	426	74.161	422
74.186	417	74.211	415
74.237	413	74.262	411
74.288	411	74.312	410
74.338	412	74.364	412
74.389	418	74.414	417
74.439	425	74.465	425
74.491	435	74.515	437
74.541	446	74.566	450
74.592	459	74.616	464
74.642	473	74.668	479
74.693	487	74.718	494
74.743	501	74.769	508
74.795	514	74.819	520
74.845	523	74.870	530
74.896	531	74.921	537
74.946	535	74.972	540
74.997	537	75.022	542
75.048	537	75.073	540
75.099	532	75.123	534
75.149	524	75.175	526
75.200	514	75.225	514
75.250	502	75.276	502
75.302	488	75.326	488
75.352	474	75.377	473
75.403	461	75.427	458
75.453	448	75.479	444
75.504	436	75.529	431
75.554	426	75.580	422
75.606	419	75.630	415
75.656	415	75.681	411
75.707	414	75.732	411
75.757	415	75.783	413
75.808	419	75.833	420
75.859	427	75.884	428
75.910	436	75.934	440
75.960	448	75.986	452
76.011	461	76.036	468
76.061	474	76.087	481
76.113	487	76.137	495
76.163	501	76.188	509
76.214	512	76.238	521
76.264	522	76.290	531
76.315	530	76.341	537
76.365	534	76.391	541
76.417	536	76.442	541
76.467	534	76.492	538
76.518	530	76.544	532
76.568	522	76.594	524
76.619	512	76.645	513
76.670	500	76.695	500
76.721	488	76.746	486
76.771	473	76.797	471
76.822	461	76.848	457
76.872	448	76.898	443
76.924	437	76.949	432
76.974	427	76.999	421
77.025	421	77.051	415
77.075	417	77.101	413
77.126	415	77.152	411
77.176	418	77.202	416
77.228	422	77.253	421
77.278	429	77.303	430
77.329	438	77.355	442
77.379	449	77.405	455
77.430	462	77.456	468
77.481	474	77.506	483
77.532	487	77.557	497
77.582	501	77.608	511
77.633	511	77.659	522
77.683	521	77.709	530
77.735	528	77.760	537
77.785	533	77.810	539
77.836	534	77.862	541
77.886	532	77.912	537
77.937	528	77.963	530
77.987	520	78.013	521
78.039	511	78.064	510
78.089	500	78.114	498
78.140	487	78.166	483
78.190	473	78.216	469
78.241	461	78.267	455
78.292	448	78.317	442
78.343	438	78.368	431
78.393	429	78.419	423
78.444	422	78.470	415
78.494	418	78.520	413
78.546	417	78.571	414
78.596	419	78.621	419
78.647	423	78.673	425
78.697	431	78.723	433
78.748	439	78.774	444
78.798	450	78.824	457
78.850	463	78.875	471
78.900	476	78.925	485
78.951	489	78.977	499
79.001	500	79.027	512
79.052	514	79.078	523
79.103	521	79.128	531
79.154	527	79.179	536
79.204	531	79.230	539
79.255	532	79.281	538
79.305	530	79.331	536
79.357	526	79.382	528
79.407	519	79.432	519
79.458	509	79.484	507
79.508	498	79.534	495
79.559	486	79.585	481
79.610	473	79.635	467
79.661	459	79.686	454
79.711	449	79.736	440
79.762	438	79.788	430
79.812	430	79.838	423
79.863	423	79.889	417
79.914	420	79.939	415
79.965	419	79.990	415
80.015	421	80.041	419
80.066	425	80.092	426
80.116	432	80.142	435
80.168	442	80.193	447
80.218	452	80.243	460
80.269	464	80.295	474
80.319	476	80.345	488
80.370	489	80.396	501
80.421	501	80.446	514
80.472	512	80.497	523
80.522	521	80.547	531
80.573	526	80.599	536
80.623	530	80.649	538
80.674	531	80.700	537
80.725	529	80.750	533
80.776	524	80.801	527
80.827	517	80.852	518
80.877	508	80.903	505
80.928	496	80.953	491
80.979	484	81.004	479
81.030	472	81.054	465
81.080	460	81.106	452
81.131	450	81.156	441
81.181	439	81.207	430
81.233	429	81.257	423
81.283	424	81.308	418
81.334	421	81.358	417
81.384	421	81.410	417
81.435	422	81.460	421
81.485	427	81.511	430
81.537	434	81.561	438
81.587	443	81.612	450
81.638	453	81.663	463
81.688	465	81.714	476
81.739	477	81.764	489
81.790	489	81.815	502
81.841	500	81.865	513
81.891	511	81.917	523
81.942	519	81.967	530
81.992	526	82.018	535
82.044	529	82.068	536
82.094	529	82.119	535
82.145	527	82.170	530
82.195	523	82.221	523
82.246	516	82.271	514
82.296	506	82.322	502
82.348	496	82.372	491
82.398	484	82.423	477
82.449	472	82.474	464
82.499	460	82.525	451
82.550	449	82.575	440
82.601	439	82.626	430
82.652	431	82.676	423
82.702	425	82.728	419
82.753	423	82.778	418
82.803	422	82.829	419
82.855	423	82.879	424
82.905	429	82.930	431
82.956	436	82.981	441
83.006	444	83.032	452
83.057	454	83.082	465
83.107	466	83.133	478
83.159	478	83.183	491
83.209	490	83.234	504
83.260	501	83.285	515
83.310	512	83.336	524
83.361	519	83.386	530
83.412	525	83.437	534
83.463	528	83.487	535
83.513	529	83.539	533
83.564	526	83.589	528
83.614	522	83.640	521
83.666	514	83.690	512
83.716	505	83.741	500
83.767	495	83.792	487
83.817	483	83.843	476
83.868	471	83.894	462
83.918	460	83.944	450
83.970	449	83.995	440
84.020	439	84.045	431
84.071	432	84.097	424
84.121	426	84.147	420
84.172	423	84.198	419
84.223	422	84.248	421
84.274	425	84.299	426
84.324	429	84.350	434
84.375	437	84.401	443
84.425	445	84.451	454
84.477	456	84.502	467
84.527	467	84.552	478
84.578	479	84.604	492
84.628	490	84.654	504
84.679	501	84.705	514
84.730	510	84.755	523
84.781	518	84.806	529
84.831	524	84.856	533
84.882	528	84.908	533
84.932	528	84.958	531
84.983	526	85.009	526
85.034	521	85.059	518
85.085	515	85.110	509
85.135	504	85.161	498
85.186	493	85.212	486
85.236	482	85.262	473
85.288	470	85.313	460
85.338	459	85.363	450
85.389	449	85.415	439
85.439	439	85.465	431
85.490	432	85.516	424
85.541	426	85.566	422
85.592	424	85.617	421
85.642	424	85.667	424
85.693	426	85.719	428
85.743	430	85.769	436
85.794	437	85.820	446
85.845	448	85.870	457
85.896	457	85.921	470
85.946	468	85.972	482
85.997	480	86.023	494
86.047	491	86.073	505
86.099	502	86.124	514
86.149	511	86.174	523
86.200	519	86.226	529
86.250	524	86.276	530
86.301	527	86.327	532
86.352	527	86.377	529
86.403	524	86.428	524
86.453	519	86.478	516
86.504	513	86.530	506
86.554	503	86.580	496
86.605	492	86.631	484
86.656	481	86.681	472
86.707	469	86.732	460
86.757	458	86.783	449
86.808	448	86.834	440
86.858	439	86.884	433
86.910	432	86.935	427
86.960	427	86.985	423
87.011	425	87.037	425
87.061	424	87.087	427
87.112	426	87.138	432
87.163	432	87.188	439
87.214	439	87.239	449
87.264	448	87.290	459
87.315	457	87.341	471
87.365	469	87.391	483
87.416	479	87.442	495
87.467	492	87.492	505
87.518	502	87.543	515
87.569	511	87.594	522
87.619	518	87.645	527
87.670	524	87.695	530
87.721	526	87.746	528
87.772	526	87.796	527
87.822	523	87.848	520
87.873	518	87.898	514
87.923	511	87.949	504
87.975	502	87.999	494
88.025	490	88.050	482
88.076	480	88.101	471
88.126	468	88.152	459
88.177	458	88.202	449
88.227	448	88.253	440
88.279	439	88.303	432
88.329	432	88.354	427
88.380	428	88.405	426
88.430	425	88.456	426
88.481	425	88.506	429
88.532	428	88.557	434
88.583	433	88.607	441
88.633	441	88.659	450
88.684	449	88.709	461
88.734	460	88.760	472
88.786	470	88.810	484
88.836	481	88.861	496
88.887	493	88.912	506
88.937	503	88.963	514
88.988	511	89.013	521
89.038	519	89.064	526
