#Creator: pendulumviewEventBuffer
#Creation time: Fri Mar 15 09:51:11 2024
#Time A	Pos A	Time B	Pos B
#[s]	[au]	[s]	[au]
0.025	712	0.050	338
0.076	706	0.101	334
0.126	694	0.152	342
0.177	668	0.202	361
0.228	629	0.253	391
0.279	585	0.303	430
0.329	535	0.355	476
0.380	481	0.405	527
0.430	428	0.456	578
0.482	377	0.506	627
0.532	332	0.557	674
0.583	295	0.608	713
0.633	267	0.659	746
0.684	252	0.710	767
0.734	249	0.760	776
0.786	260	0.811	773
0.836	278	0.861	761
0.887	311	0.913	738
0.937	353	0.963	705
0.988	399	1.014	665
1.039	452	1.064	619
1.090	507	1.115	570
1.140	560	1.166	519
1.191	608	1.217	471
1.241	651	1.267	427
1.293	684	1.318	390
1.343	705	1.368	364
1.394	716	1.420	347
1.444	711	1.470	344
1.495	697	1.521	351
1.545	670	1.571	369
1.597	630	1.622	398
1.647	587	1.672	438
1.698	535	1.724	481
1.748	481	1.774	529
1.799	426	1.825	579
1.850	375	1.875	626
1.901	329	1.926	670
1.951	292	1.977	708
2.002	264	2.028	738
2.052	248	2.078	759
2.104	247	2.129	766
2.154	256	2.179	764
2.205	276	2.231	752
2.255	309	2.281	730
2.306	350	2.332	698
2.356	398	2.382	659
2.408	452	2.433	615
2.458	507	2.483	566
2.509	560	2.535	518
2.559	610	2.585	471
2.610	653	2.636	431
2.661	688	2.686	395
2.712	710	2.737	371
2.762	718	2.788	356
2.813	716	2.839	353
2.863	699	2.889	361
2.915	673	2.940	379
2.965	635	2.990	408
3.016	588	3.042	444
3.066	536	3.092	488
3.117	482	3.143	535
3.168	427	3.193	581
3.219	374	3.244	626
3.269	328	3.294	669
3.320	290	3.346	704
3.370	262	3.396	733
3.421	244	3.447	751
3.472	244	3.497	758
3.523	253	3.548	754
3.574	274	3.599	742
3.624	306	3.650	720
3.675	347	3.700	689
3.726	396	3.751	650
3.777	450	3.801	607
3.827	506	3.853	563
3.878	560	3.903	517
3.928	611	3.954	472
3.980	654	4.004	431
4.030	689	4.055	400
4.081	712	4.105	376
4.131	723	4.157	364
4.182	719	4.207	363
4.232	704	4.258	370
4.284	676	4.308	389
4.334	638	4.359	418
4.385	591	4.410	454
4.435	539	4.461	494
4.486	483	4.511	539
4.537	428	4.562	584
4.588	375	4.612	628
4.638	328	4.664	668
4.689	289	4.714	701
4.739	260	4.765	728
4.791	243	4.815	744
4.841	241	4.866	749
4.892	251	4.916	746
4.942	270	4.968	732
4.993	302	5.018	710
5.043	344	5.069	680
5.095	393	5.119	642
5.145	447	5.170	600
5.196	504	5.221	556
5.246	559	5.272	512
5.297	610	5.322	469
5.348	654	5.373	433
5.399	689	5.423	403
5.449	713	5.475	381
5.500	724	5.525	371
5.550	721	5.576	370
5.602	706	5.626	379
5.652	679	5.677	398
5.703	640	5.728	427
5.753	595	5.779	463
5.804	542	5.829	504
5.854	486	5.880	545
5.906	431	5.930	589
5.956	377	5.981	631
6.007	330	6.032	668
6.057	291	6.083	700
6.108	261	6.133	724
6.159	242	6.184	738
6.210	239	6.234	742
6.260	250	6.286	737
6.311	269	6.336	724
6.361	300	6.387	700
6.413	341	6.437	670
6.463	391	6.488	633
6.514	444	6.539	592
6.564	500	6.590	549
6.615	556	6.641	507
6.665	607	6.691	467
6.717	652	6.742	433
6.767	688	6.792	404
6.818	712	6.844	385
6.868	722	6.894	377
6.919	720	6.945	377
6.970	707	6.995	387
7.021	681	7.046	408
7.071	643	7.097	437
7.122	598	7.148	472
7.172	546	7.198	513
7.224	490	7.249	553
7.274	434	7.299	595
7.325	381	7.351	636
7.375	333	7.401	671
7.426	292	7.452	700
7.476	262	7.502	723
7.528	243	7.553	734
7.578	239	7.603	736
7.629	247	7.655	730
7.679	267	7.705	715
7.730	298	7.756	691
7.781	338	7.806	661
7.832	387	7.857	624
7.882	440	7.908	584
7.933	497	7.959	542
7.983	552	8.009	501
8.035	604	8.060	463
8.085	649	8.110	430
8.136	685	8.162	403
8.186	711	8.212	387
8.237	723	8.263	381
8.288	721	8.313	383
8.339	707	8.364	393
8.389	683	8.414	415
8.440	645	8.466	446
8.490	601	8.516	480
8.541	549	8.567	519
8.592	494	8.617	560
8.643	438	8.668	602
8.693	385	8.719	640
8.744	337	8.770	674
8.794	296	8.820	702
8.846	265	8.871	721
8.896	247	8.921	731
8.947	242	8.973	732
8.997	249	9.023	724
9.048	266	9.074	707
9.099	297	9.124	683
9.150	336	9.175	651
9.200	383	9.225	613
9.251	437	9.277	575
9.301	493	9.327	534
9.352	547	9.378	494
9.403	600	9.428	457
9.454	645	9.479	426
9.505	681	9.530	402
9.555	707	9.581	388
9.606	720	9.631	383
9.657	719	9.682	387
9.708	707	9.732	401
9.758	683	9.784	424
9.809	647	9.834	454
9.859	603	9.885	488
9.911	552	9.935	528
9.961	498	9.986	569
10.012	443	10.036	609
10.062	389	10.088	646
10.113	341	10.138	678
10.163	301	10.189	704
10.215	270	10.239	722
10.265	249	10.290	729
10.316	245	10.341	729
10.366	249	10.392	719
10.417	267	10.442	700
10.468	296	10.493	675
10.519	334	10.543	642
10.569	381	10.595	606
10.620	433	10.645	566
10.670	488	10.696	525
10.722	543	10.746	487
10.772	594	10.797	451
10.823	640	10.848	422
10.873	677	10.899	400
10.924	704	10.949	388
10.974	716	11.000	385
11.026	717	11.050	390
11.076	705	11.101	406
11.127	683	11.152	430
11.177	649	11.203	462
11.228	605	11.253	498
11.279	555	11.304	538
11.330	501	11.354	578
11.380	447	11.406	615
11.431	394	11.456	653
11.481	346	11.507	683
11.533	306	11.557	707
11.583	275	11.608	723
11.634	254	11.659	729
11.684	247	11.710	727
11.735	253	11.760	716
11.785	269	11.811	697
11.837	297	11.861	667
11.887	334	11.912	634
11.938	379	11.963	596
11.988	431	12.014	556
12.039	485	12.064	517
12.090	538	12.115	479
12.141	588	12.165	445
12.191	633	12.217	416
12.242	671	12.267	396
12.292	698	12.318	386
12.344	712	12.368	384
12.394	712	12.419	392
12.445	701	12.470	409
12.495	680	12.521	434
12.546	647	12.572	467
12.596	605	12.622	502
12.648	557	12.673	544
12.698	505	12.723	585
12.749	451	12.775	623
12.799	399	12.825	659
12.850	351	12.876	688
12.901	313	12.926	711
12.952	281	12.977	725
13.002	260	13.028	729
13.053	253	13.079	726
13.103	257	13.129	713
13.155	273	13.180	691
13.205	299	13.230	663
13.256	334	13.282	629
13.306	379	13.332	589
13.357	428	13.383	548
13.408	481	13.433	509
13.459	534	13.484	471
13.509	583	13.534	438
13.560	628	13.586	410
13.610	664	13.636	391
13.661	691	13.687	383
13.712	704	13.737	383
13.763	705	13.788	392
13.813	698	13.839	412
13.864	677	13.890	438
13.914	645	13.940	472
13.966	605	13.991	510
14.016	557	14.041	551
14.067	507	14.093	591
14.117	454	14.143	630
14.168	404	14.194	664
14.219	357	14.244	694
14.270	319	14.295	716
14.320	287	14.345	728
14.371	265	14.397	731
14.421	259	14.447	726
14.472	263	14.498	711
14.523	277	14.548	688
14.574	302	14.599	659
14.624	337	14.650	622
14.675	379	14.701	585
14.725	428	14.751	543
14.777	478	14.802	501
14.827	530	14.852	464
14.878	578	14.904	431
14.928	621	14.954	404
14.979	658	15.005	387
15.030	684	15.055	379
15.081	698	15.106	381
15.131	701	15.156	391
15.182	692	15.208	412
15.232	672	15.258	440
15.283	641	15.309	476
15.334	603	15.359	515
15.385	557	15.410	556
15.435	508	15.461	597
15.486	458	15.512	636
15.536	408	15.562	671
15.588	364	15.613	699
15.638	324	15.663	720
15.689	294	15.715	731
15.739	273	15.765	734
15.790	266	15.816	727
15.841	270	15.866	711
15.892	282	15.917	686
15.942	307	15.968	656
15.993	341	16.019	620
16.043	381	16.069	579
16.094	427	16.120	537
16.145	476	16.170	495
16.196	527	16.221	457
16.247	572	16.272	424
16.297	615	16.323	399
16.348	650	16.373	382
16.399	677	16.424	375
16.450	690	16.474	378
16.500	693	16.526	390
16.551	684	16.576	412
16.601	666	16.627	441
16.653	637	16.677	477
16.703	599	16.728	517
16.754	556	16.779	559
16.804	508	16.830	602
16.855	459	16.880	641
16.905	412	16.931	676
16.957	367	16.981	704
17.007	331	17.032	725
17.058	302	17.083	735
17.108	281	17.134	736
17.159	274	17.184	730
17.210	277	17.235	712
17.261	289	17.285	686
17.311	314	17.337	655
17.362	345	17.387	617
17.412	382	17.438	575
17.464	429	17.488	532
17.514	477	17.539	491
17.565	525	17.590	452
17.615	569	17.641	420
17.666	610	17.691	393
17.716	645	17.742	377
17.768	668	17.792	372
17.818	682	17.843	374
17.869	684	17.894	387
17.919	677	17.945	412
17.970	659	17.995	441
18.021	631	18.046	479
18.072	595	18.096	520
18.122	552	18.148	561
18.173	507	18.198	605
18.223	460	18.249	645
18.275	414	18.299	680
18.325	373	18.350	708
18.376	335	18.401	729
18.426	307	18.452	739
18.477	289	18.502	739
18.528	282	18.553	731
18.579	285	18.603	712
18.629	297	18.654	687
18.680	320	18.705	655
18.730	351	18.756	616
18.781	389	18.806	573
18.832	432	18.857	529
18.883	478	18.907	487
18.933	523	18.959	448
18.984	567	19.009	414
19.034	606	19.060	388
19.086	638	19.110	373
19.136	661	19.161	367
19.187	674	19.212	371
19.237	676	19.263	385
19.288	669	19.314	409
19.339	650	19.364	441
19.390	623	19.415	478
19.440	589	19.465	520
19.491	548	19.517	564
19.541	504	19.567	607
19.592	458	19.618	648
19.643	414	19.668	683
19.694	374	19.719	712
19.744	340	19.770	733
19.795	314	19.821	742
19.845	297	19.871	742
19.897	290	19.922	734
19.947	293	19.972	715
19.998	305	20.024	689
20.048	328	20.074	654
20.099	358	20.125	616
20.150	395	20.175	572
20.201	436	20.226	528
20.251	480	20.276	484
20.302	523	20.328	445
20.352	567	20.378	411
20.403	603	20.429	385
20.454	633	20.479	369
20.505	655	20.530	363
20.555	666	20.581	368
20.606	668	20.632	382
20.656	661	20.682	406
20.708	643	20.733	437
20.758	615	20.783	477
20.809	582	20.835	520
20.859	543	20.885	564
20.910	500	20.936	608
20.961	457	20.986	650
21.012	415	21.037	686
21.062	377	21.088	715
21.113	345	21.139	736
21.163	319	21.189	745
21.214	304	21.240	746
21.265	298	21.290	737
21.316	301	21.341	718
21.366	314	21.392	690
21.417	336	21.443	656
21.467	365	21.493	616
21.519	401	21.544	572
21.569	442	21.594	527
21.620	484	21.646	483
21.670	527	21.696	443
21.721	564	21.747	409
21.772	600	21.797	382
21.823	628	21.848	366
21.873	648	21.899	361
21.924	658	21.950	365
21.974	660	22.000	378
22.025	652	22.051	404
22.076	633	22.101	436
22.127	607	22.152	475
22.177	575	22.203	518
22.228	537	22.254	563
22.278	496	22.304	608
22.330	454	22.355	650
22.380	414	22.405	686
22.431	378	22.457	716
22.481	347	22.507	737
22.532	324	22.558	748
22.583	311	22.608	747
22.634	306	22.659	739
22.684	309	22.710	719
22.735	323	22.761	693
22.785	344	22.811	658
22.836	373	22.862	617
22.887	409	22.912	573
22.938	447	22.963	528
22.988	487	23.014	483
23.039	527	23.065	443
23.089	565	23.115	408
23.141	599	23.166	381
23.191	625	23.216	364
23.242	643	23.268	355
23.292	652	23.318	361
23.343	651	23.369	375
23.394	643	23.419	401
23.445	625	23.470	434
23.495	598	23.521	473
23.546	566	23.572	516
23.596	529	23.622	562
23.648	490	23.673	607
23.698	450	23.723	649
23.749	412	23.774	686
23.799	378	23.825	716
23.850	349	23.876	737
23.900	328	23.926	749
23.952	316	23.977	749
24.002	312	24.027	741
24.053	317	24.079	722
24.103	331	24.129	695
24.154	354	24.180	659
24.205	383	24.230	620
24.256	417	24.281	575
24.306	454	24.332	530
24.357	493	24.383	485
24.407	532	24.433	443
24.459	567	24.484	408
24.509	599	24.534	381
24.560	623	24.585	363
24.610	639	24.636	357
24.661	646	24.687	360
24.711	645	24.737	375
24.763	635	24.788	399
24.813	616	24.838	431
24.864	590	24.890	470
24.914	557	24.940	514
24.965	522	24.991	559
25.016	482	25.041	605
25.067	444	25.092	647
25.117	410	25.143	685
25.168	376	25.194	715
25.218	350	25.244	737
25.270	331	25.295	749
25.320	321	25.345	749
25.371	318	25.396	742
25.421	325	25.447	724
25.472	339	25.498	697
25.522	362	25.548	662
25.574	392	25.599	622
25.624	425	25.649	577
25.675	463	25.701	532
25.725	499	25.751	487
25.776	536	25.802	446
25.827	570	25.852	410
25.878	599	25.903	382
25.928	622	25.954	363
25.979	635	26.005	357
26.029	642	26.055	361
26.081	639	26.106	371
26.131	627	26.156	396
26.182	608	26.208	429
26.232	580	26.258	467
26.283	550	26.309	511
26.333	514	26.359	556
26.385	476	26.410	602
26.435	439	26.460	644
26.486	404	26.512	682
26.536	373	26.562	712
26.587	350	26.613	735
26.638	332	26.663	747
26.689	324	26.714	749
26.739	323	26.765	741
26.790	330	26.816	724
26.840	347	26.866	696
26.892	370	26.917	664
26.942	400	26.967	624
26.993	433	27.019	580
27.043	469	27.069	534
27.094	508	27.120	490
27.144	542	27.170	448
27.196	574	27.221	412
27.246	602	27.271	384
27.297	622	27.323	365
27.347	633	27.373	358
27.398	638	27.424	361
27.449	634	27.474	372
27.500	620	27.525	396
27.550	600	27.576	427
27.601	573	27.627	465
27.651	541	27.677	508
27.703	506	27.728	552
27.753	469	27.778	598
27.804	432	27.830	640
27.854	399	27.880	678
27.905	370	27.931	709
27.955	348	27.981	732
28.007	333	28.032	744
28.057	326	28.082	748
28.108	326	28.134	740
28.158	336	28.184	723
28.209	354	28.235	698
28.260	379	28.285	665
28.311	406	28.336	626
28.361	441	28.387	582
28.412	476	28.438	537
28.462	514	28.488	493
28.514	548	28.539	453
28.564	579	28.589	416
28.615	605	28.641	389
28.665	623	28.691	368
28.716	633	28.742	360
28.766	636	28.792	361
28.818	632	28.843	373
28.869	615	28.893	395
28.919	594	28.945	426
28.970	566	28.995	463
29.020	531	29.046	505
29.072	497	29.096	550
29.122	460	29.147	594
29.173	426	29.198	637
29.223	393	29.249	673
29.274	366	29.299	705
29.325	345	29.350	729
29.376	332	29.400	740
29.426	327	29.452	744
29.477	329	29.502	737
29.527	341	29.553	722
29.579	360	29.603	697
29.629	384	29.654	665
29.680	414	29.704	627
29.730	450	29.756	585
29.781	485	29.806	540
29.831	522	29.857	497
29.883	555	29.907	456
29.933	585	29.958	420
29.984	608	30.009	391
30.034	625	30.060	372
30.085	634	30.110	364
30.136	635	30.161	365
30.187	628	30.211	376
30.237	611	30.263	397
30.288	587	30.313	426
30.338	559	30.364	462
30.390	525	30.414	503
30.440	490	30.465	546
30.491	453	30.515	590
30.541	419	30.567	632
30.592	388	30.617	668
30.642	362	30.668	700
30.694	342	30.718	725
30.744	331	30.769	736
30.795	327	30.820	740
30.845	330	30.871	735
30.896	344	30.921	720
30.947	364	30.972	696
30.998	390	31.022	665
31.048	422	31.074	627
31.099	456	31.124	586
31.149	492	31.175	543
31.201	528	31.225	500
31.251	561	31.276	460
31.302	590	31.326	425
31.352	613	31.378	398
31.403	629	31.428	377
31.453	635	31.479	368
31.505	633	31.529	369
31.555	625	31.580	378
31.606	608	31.631	399
31.656	583	31.682	427
31.707	552	31.732	462
31.758	518	31.783	501
31.809	483	31.834	544
31.859	447	31.885	587
31.910	413	31.936	628
31.960	382	31.986	664
32.012	356	32.037	696
32.062	338	32.087	718
32.113	328	32.139	731
32.163	326	32.189	735
32.214	332	32.240	730
32.264	345	32.290	716
32.316	368	32.341	694
32.366	395	32.391	663
32.417	428	32.443	626
32.467	463	32.493	587
32.518	499	32.544	544
32.569	535	32.594	504
32.620	568	32.645	463
32.670	595	32.696	430
32.721	618	32.747	401
32.771	631	32.797	382
32.823	637	32.848	374
32.873	635	32.898	374
32.924	624	32.950	380
32.974	606	33.000	403
33.025	580	33.051	429
33.075	547	33.101	463
33.127	513	33.152	501
33.177	477	33.202	543
33.228	441	33.254	584
33.278	407	33.304	624
33.329	376	33.355	659
33.380	352	33.405	688
33.431	335	33.456	711
33.481	326	33.507	725
33.532	324	33.558	728
33.582	332	33.608	725
33.634	347	33.659	711
33.684	370	33.709	689
33.735	399	33.761	660
33.785	431	33.811	625
33.836	468	33.862	586
33.886	505	33.912	546
33.938	541	33.963	506
33.988	573	34.013	468
34.039	601	34.065	433
34.089	622	34.115	407
34.140	635	34.166	389
34.191	640	34.216	379
34.242	637	34.267	379
34.292	624	34.318	387
34.343	604	34.369	406
34.393	576	34.419	433
34.445	545	34.470	465
34.495	509	34.520	502
34.546	472	34.572	542
34.596	435	34.622	581
34.647	401	34.673	619
34.697	371	34.723	654
34.749	347	34.774	684
34.799	330	34.824	705
34.850	322	34.876	718
34.900	323	34.926	722
34.951	331	34.977	719
35.002	347	35.027	705
35.053	371	35.078	685
35.104	401	35.129	657
35.154	435	35.180	622
35.205	472	35.230	587
35.256	510	35.281	547
35.307	546	35.331	507
35.357	579	35.383	471
35.408	606	35.433	439
35.458	627	35.484	412
35.510	639	35.534	395
35.560	644	35.585	385
35.611	640	35.635	385
35.661	625	35.687	393
35.712	603	35.737	411
35.762	576	35.788	437
35.814	543	35.838	469
35.864	506	35.889	504
35.915	468	35.940	542
35.965	431	35.991	580
36.016	396	36.041	617
36.067	366	36.092	650
36.118	342	36.142	678
36.168	327	36.194	699
36.219	319	36.244	712
36.269	319	36.295	715
36.321	328	36.345	712
36.371	347	36.396	699
36.422	372	36.446	679
36.472	402	36.498	652
36.523	437	36.548	620
36.573	475	36.599	584
36.625	513	36.649	547
36.675	550	36.700	509
36.726	583	36.751	473
36.776	610	36.802	442
36.827	630	36.852	418
36.878	641	36.903	402
36.929	646	36.953	392
36.979	640	37.005	392
37.030	626	37.055	400
37.080	604	37.106	418
37.132	575	37.156	442
37.182	541	37.207	472
37.233	504	37.257	507
37.283	465	37.309	542
37.334	428	37.359	580
37.384	392	37.410	615
37.436	362	37.460	648
37.486	338	37.511	673
37.537	322	37.562	694
37.587	316	37.613	705
37.638	317	37.663	709
37.689	327	37.714	705
37.740	346	37.764	693
37.790	371	37.816	673
37.841	403	37.866	647
37.891	439	37.917	616
37.943	477	37.967	582
37.993	516	38.018	545
38.044	553	38.068	508
38.094	586	38.120	475
38.145	614	38.171	447
38.195	634	38.221	423
38.247	646	38.272	407
38.297	648	38.322	399
38.348	643	38.374	399
38.398	628	38.424	408
38.449	606	38.475	425
38.500	575	38.525	448
38.551	541	38.576	479
38.601	503	38.627	511
38.652	464	38.678	546
38.702	426	38.728	582
38.754	390	38.779	614
38.804	360	38.829	646
38.855	336	38.881	670
38.905	320	38.931	688
38.956	313	38.982	699
39.006	314	39.032	702
39.058	325	39.083	698
39.108	343	39.133	686
39.159	369	39.185	666
39.209	402	39.235	641
39.260	439	39.286	611
39.311	478	39.336	577
39.362	517	39.387	544
39.412	555	39.438	509
39.463	589	39.489	478
39.513	617	39.539	449
39.565	637	39.590	427
39.615	649	39.640	413
39.666	652	39.692	406
39.716	645	39.742	406
39.767	631	39.793	416
39.817	607	39.843	433
39.869	577	39.894	455
39.919	542	39.944	483
39.970	503	39.996	516
40.020	463	40.046	549
40.071	425	40.097	583
40.122	388	40.147	615
40.173	358	40.198	643
40.223	334	40.249	667
40.274	318	40.300	683
40.324	310	40.350	693
40.376	312	40.401	695
40.426	323	40.451	691
40.477	342	40.503	678
40.527	370	40.553	659
40.578	402	40.604	635
40.628	438	40.654	605
40.680	478	40.705	573
40.730	518	40.755	540
40.781	555	40.807	506
40.831	590	40.857	478
40.882	618	40.908	452
40.933	638	40.958	430
40.984	651	41.009	418
41.034	654	41.060	412
41.085	647	41.111	413
41.135	632	41.161	423
41.187	608	41.212	440
41.237	578	41.262	462
41.288	543	41.314	490
41.338	503	41.364	522
41.389	464	41.415	553
41.440	424	41.465	586
41.491	388	41.516	615
41.541	357	41.566	641
41.592	332	41.618	665
41.642	316	41.668	679
41.693	310	41.719	688
41.744	310	41.769	690
41.795	323	41.820	684
41.845	341	41.871	671
41.896	367	41.922	651
41.946	400	41.972	627
41.998	437	42.023	599
42.048	477	42.073	567
42.099	518	42.125	535
42.149	556	42.175	505
42.200	590	42.226	476
42.251	619	42.276	451
42.302	640	42.327	433
42.352	651	42.377	422
42.403	655	42.429	417
42.453	649	42.479	420
42.504	634	42.530	430
42.555	611	42.580	447
42.606	578	42.631	470
42.657	543	42.682	497
42.707	505	42.733	526
42.758	465	42.783	558
42.809	425	42.834	588
42.860	389	42.884	616
42.910	357	42.936	644
42.961	333	42.986	662
43.011	316	43.037	676
43.063	309	43.087	683
43.113	310	43.138	684
43.164	320	43.188	676
43.214	339	43.240	663
43.265	367	43.290	643
43.315	399	43.341	619
43.367	436	43.391	591
43.417	476	43.442	562
43.468	516	43.493	531
43.518	554	43.544	501
43.569	589	43.594	474
43.620	618	43.645	452
43.671	639	43.695	435
43.721	652	43.747	425
43.772	655	43.797	422
43.822	650	43.848	425
43.874	634	43.898	437
43.924	611	43.949	454
43.975	581	44.000	477
44.025	546	44.051	503
44.076	507	44.101	534
44.126	467	44.152	563
44.178	427	44.202	592
44.228	390	44.253	620
44.279	358	44.304	645
44.329	333	44.355	662
44.380	316	44.405	674
44.431	309	44.456	680
44.482	310	44.506	679
44.532	319	44.558	671
44.583	339	44.608	657
44.633	365	44.659	637
44.685	397	44.709	612
44.735	434	44.760	585
44.786	474	44.811	555
44.836	514	44.862	525
44.887	553	44.912	496
44.937	588	44.963	471
44.989	617	45.013	450
45.039	639	45.064	436
45.090	651	45.115	427
45.140	655	45.166	426
45.191	650	45.216	431
45.242	634	45.267	443
45.293	612	45.317	461
45.343	582	45.369	484
45.394	547	45.419	512
45.444	508	45.470	540
45.496	468	45.520	569
45.546	428	45.571	598
45.597	393	45.622	624
45.647	360	45.673	646
45.698	336	45.724	663
45.748	318	45.774	673
45.800	310	45.825	678
45.850	311	45.875	675
45.901	320	45.927	666
45.951	338	45.977	651
46.002	363	46.028	630
46.053	396	46.078	604
46.104	433	46.129	577
46.154	472	46.180	548
46.205	512	46.231	519
46.255	550	46.281	493
46.307	585	46.332	468
46.357	614	46.382	449
46.408	637	46.434	436
46.458	648	46.484	429
46.509	652	46.535	430
46.560	649	46.585	435
46.611	634	46.636	449
46.661	613	46.686	467
46.712	583	46.738	491
46.762	549	46.788	518
46.813	511	46.839	547
46.864	471	46.889	576
46.915	432	46.940	603
46.965	395	46.991	628
47.016	363	47.042	648
47.066	338	47.092	663
47.118	321	47.143	673
47.168	313	47.193	675
47.219	312	47.245	671
47.269	322	47.295	661
47.320	340	47.346	645
47.371	363	47.396	624
47.422	395	47.447	599
47.472	432	47.497	570
47.523	470	47.549	541
47.573	509	47.599	513
47.624	548	47.650	487
47.675	582	47.700	464
47.726	611	47.751	447
47.776	634	47.802	435
47.827	645	47.853	429
47.877	650	47.903	431
47.929	647	47.954	439
47.979	633	48.004	455
48.030	612	48.056	473
48.080	584	48.106	497
48.131	550	48.157	524
48.182	512	48.207	553
48.233	473	48.258	582
48.283	434	48.308	609
48.334	398	48.360	632
48.384	367	48.410	652
48.435	341	48.461	665
48.486	325	48.511	673
48.537	316	48.562	675
48.587	315	48.613	669
48.638	322	48.664	658
48.688	339	48.714	640
48.740	364	48.765	618
48.790	395	48.815	593
48.841	430	48.867	564
48.891	468	48.917	535
48.942	507	48.968	507
48.993	544	49.018	481
49.044	578	49.069	459
49.094	607	49.120	444
49.145	629	49.171	433
49.195	642	49.221	429
49.246	648	49.272	432
49.297	645	49.322	441
49.348	632	49.373	457
49.399	612	49.424	478
49.449	583	49.475	503
49.500	550	49.525	531
49.551	512	49.576	560
49.602	475	49.626	588
49.652	437	49.678	614
49.703	401	49.728	636
49.753	370	49.779	655
49.805	345	49.829	668
49.855	328	49.880	675
49.906	320	49.931	675
49.956	319	49.982	668
50.007	326	50.032	655
50.057	342	50.083	636
50.109	366	50.133	614
50.159	396	50.184	587
50.210	430	50.235	559
50.260	467	50.286	529
50.311	505	50.336	502
50.362	541	50.387	476
50.413	575	50.437	455
50.463	603	50.489	440
50.514	625	50.539	430
50.564	637	50.590	427
50.616	642	50.640	432
50.666	640	50.691	443
50.717	628	50.742	460
50.767	608	50.793	482
50.818	581	50.843	508
50.868	549	50.894	536
50.920	513	50.944	565
50.970	476	50.995	592
51.021	439	51.046	619
51.071	405	51.097	642
51.122	374	51.147	659
51.173	350	51.198	671
51.224	333	51.248	677
51.274	324	51.300	675
51.325	323	51.350	667
51.375	330	51.401	653
51.427	346	51.451	634
51.477	368	51.502	610
51.528	398	51.553	582
51.578	431	51.604	552
51.629	466	51.654	522
51.680	503	51.705	495
51.731	539	51.755	471
51.781	572	51.806	451
51.832	599	51.857	436
51.882	620	51.908	428
51.933	633	51.958	426
51.984	638	52.009	431
52.035	634	52.059	443
52.085	623	52.111	462
52.136	605	52.161	486
52.186	579	52.212	511
52.238	548	52.262	540
52.288	514	52.313	569
52.339	477	52.364	599
52.389	441	52.415	625
52.440	408	52.466	647
52.491	378	52.516	664
52.542	355	52.567	674
52.592	338	52.617	679
52.643	330	52.669	676
52.693	328	52.719	667
52.744	335	52.770	652
52.795	350	52.820	632
52.846	372	52.871	606
52.896	399	52.922	579
52.947	431	52.973	548
52.997	466	53.023	518
53.049	502	53.074	491
53.099	537	53.124	466
53.150	568	53.176	446
53.200	595	53.226	432
53.251	615	53.277	425
53.302	627	53.327	424
53.353	632	53.378	430
53.403	630	53.428	443
53.454	619	53.480	462
53.504	600	53.530	486
53.555	576	53.581	514
53.606	546	53.631	544
53.657	512	53.682	574
53.707	477	53.733	602
53.758	443	53.784	629
53.808	411	53.834	651
53.860	382	53.885	667
53.910	359	53.935	678
53.961	343	53.987	681
54.011	334	54.037	678
54.062	333	54.088	668
54.113	341	54.138	652
54.164	355	54.189	630
54.214	376	54.240	604
54.265	403	54.291	574
54.315	434	54.341	544
54.366	467	54.392	515
54.417	501	54.442	487
54.468	535	54.493	462
54.518	565	54.544	442
54.569	591	54.595	429
54.619	610	54.645	421
54.671	622	54.696	421
54.721	626	54.746	428
54.772	624	54.798	443
54.822	613	54.848	463
54.873	595	54.899	488
54.924	572	54.949	516
54.975	543	55.000	546
55.025	511	55.051	577
55.076	477	55.102	606
55.126	444	55.152	632
55.177	412	55.203	655
55.228	385	55.253	671
55.279	363	55.304	680
55.329	349	55.355	684
55.380	340	55.406	680
55.430	340	55.456	669
55.482	346	55.507	652
55.532	360	55.557	630
55.583	382	55.609	603
55.633	407	55.659	573
55.684	436	55.710	543
55.735	469	55.760	512
55.786	501	55.811	483
55.836	534	55.862	458
55.887	562	55.913	439
55.937	586	55.963	426
55.988	605	56.014	418
56.039	616	56.064	419
56.090	621	56.115	427
56.140	619	56.166	441
56.191	608	56.217	462
56.241	589	56.267	488
56.293	567	56.318	519
56.343	539	56.368	548
56.394	508	56.420	579
56.444	476	56.470	608
56.495	444	56.521	636
56.546	414	56.571	657
56.597	388	56.622	674
56.647	367	56.673	683
56.698	354	56.724	686
56.748	346	56.774	681
56.800	346	56.825	670
56.850	353	56.875	653
56.901	367	56.926	630
56.951	387	56.977	603
57.002	411	57.028	572
57.052	441	57.078	540
57.104	471	57.129	510
57.154	503	57.179	480
57.205	534	57.231	455
57.255	560	57.281	436
57.306	583	57.332	422
57.357	601	57.382	416
57.408	610	57.433	416
57.458	615	57.484	424
57.509	611	57.535	439
57.559	600	57.585	461
57.611	583	57.636	488
57.661	561	57.686	516
57.712	534	57.737	549
57.762	505	57.788	580
57.813	474	57.839	612
57.863	443	57.889	637
57.915	415	57.940	659
57.965	391	57.990	675
58.016	371	58.042	685
58.066	358	58.092	688
58.117	352	58.143	683
58.168	353	58.193	671
58.219	359	58.244	653
58.269	373	58.295	631
58.320	392	58.346	603
58.370	417	58.396	572
58.422	445	58.447	540
58.472	474	58.497	509
58.523	505	58.548	479
58.573	534	58.599	454
58.624	560	58.650	434
58.674	581	58.700	420
58.726	597	58.751	413
58.776	606	58.801	414
58.827	609	58.853	423
58.877	605	58.903	438
58.928	594	58.954	460
58.979	577	59.004	486
59.030	555	59.055	516
59.080	529	59.106	548
59.131	500	59.157	580
59.181	471	59.207	610
59.233	442	59.258	638
59.283	415	59.308	661
59.334	391	59.360	677
59.384	375	59.410	686
59.435	363	59.461	689
59.485	358	59.511	684
59.537	358	59.562	673
59.587	365	59.612	655
59.638	379	59.664	631
59.688	399	59.714	603
59.739	422	59.765	572
59.790	450	59.815	540
59.841	479	59.866	508
59.891	507	59.917	479
59.942	535	59.968	452
59.992	559	60.018	432
60.044	578	60.069	419
60.094	593	60.119	412
60.145	601	60.171	412
60.195	604	60.221	421
60.246	599	60.272	437
60.296	587	60.322	459
60.348	571	60.373	486
60.398	549	60.423	516
60.449	523	60.475	548
60.499	495	60.525	581
60.550	467	60.576	611
60.601	439	60.626	638
60.652	414	60.677	661
60.702	393	60.728	678
60.753	376	60.779	687
60.803	367	60.829	691
60.855	362	60.880	686
60.905	364	60.930	674
60.956	372	60.982	656
61.006	386	61.032	632
61.057	406	61.083	603
61.107	429	61.133	572
61.159	456	61.184	540
61.209	483	61.234	509
61.260	511	61.286	477
61.310	536	61.336	452
61.361	559	61.387	432
61.412	577	61.437	418
61.463	590	61.488	411
61.513	597	61.539	411
61.564	598	61.590	420
61.614	592	61.640	436
61.666	581	61.691	457
61.716	564	61.741	484
61.767	542	61.793	514
61.817	517	61.843	546
61.868	490	61.894	579
61.918	463	61.944	610
61.970	436	61.995	638
62.021	412	62.045	661
62.071	394	62.097	678
62.122	379	62.147	688
62.172	370	62.198	691
62.224	367	62.248	686
62.274	369	62.299	675
62.325	378	62.350	658
62.375	392	62.401	633
62.426	413	62.451	605
62.477	436	62.502	575
62.528	462	62.552	541
62.578	489	62.604	510
62.629	515	62.654	479
62.679	539	62.705	453
62.731	560	62.755	432
62.781	577	62.806	418
62.832	588	62.856	411
62.882	594	62.908	411
62.933	594	62.958	419
62.983	586	63.009	435
63.035	574	63.059	456
63.085	557	63.110	482
63.136	535	63.161	513
63.186	510	63.212	546
63.237	484	63.262	577
63.288	457	63.313	609
63.339	432	63.363	637
63.389	411	63.415	660
63.440	393	63.465	677
63.490	379	63.516	687
63.542	371	63.566	690
63.592	370	63.617	686
63.643	374	63.667	674
63.693	384	63.719	659
63.744	399	63.769	633
63.794	419	63.820	608
63.846	443	63.870	576
63.896	468	63.921	543
63.947	495	63.972	511
63.997	519	64.023	481
64.048	543	64.073	455
64.099	562	64.124	433
64.150	577	64.174	420
64.200	587	64.226	412
64.251	592	64.276	412
64.301	590	64.327	419
64.353	581	64.377	434
64.403	568	64.428	455
64.454	550	64.478	482
64.504	528	64.530	511
64.555	504	64.580	543
64.605	478	64.631	576
64.657	453	64.681	606
64.707	429	64.732	634
64.758	408	64.783	658
64.808	391	64.834	674
64.859	379	64.884	684
64.910	372	64.935	689
64.961	373	64.986	685
65.011	378	65.037	674
65.062	389	65.088	657
65.112	405	65.138	634
65.164	426	65.189	608
65.214	449	65.239	577
65.265	474	65.291	544
65.315	500	65.341	513
65.366	524	65.392	483
65.416	546	65.442	457
65.468	565	65.493	436
65.518	580	65.543	421
65.569	588	65.595	414
65.619	590	65.645	413
65.670	586	65.696	421
65.721	577	65.746	435
65.772	563	65.797	456
65.822	544	65.848	481
65.873	522	65.899	510
65.923	498	65.949	541
65.975	472	66.000	573
66.025	447	66.050	604
66.076	424	66.102	631
66.126	405	66.152	654
66.177	390	66.203	671
66.227	379	66.253	682
66.279	375	66.304	687
66.329	374	66.354	683
66.380	381	66.406	672
66.430	394	66.456	657
66.481	410	66.507	635
66.532	431	66.557	607
66.583	455	66.608	580
66.633	481	66.659	547
66.684	506	66.710	515
66.734	529	66.760	486
66.786	551	66.811	460
66.836	568	66.861	438
66.887	580	66.913	424
66.937	588	66.963	416
66.988	588	67.014	415
67.038	584	67.064	422
67.090	574	67.115	436
67.140	559	67.165	456
67.191	539	67.217	481
67.241	516	67.267	509
67.292	492	67.318	541
67.343	466	67.368	571
67.394	442	67.419	601
67.444	419	67.470	629
67.495	401	67.521	651
67.545	386	67.571	669
67.597	377	67.622	680
67.647	373	67.672	684
67.698	376	67.724	681
67.748	384	67.774	671
67.799	397	67.825	655
67.849	414	67.875	633
67.901	437	67.926	607
67.951	460	67.976	579
68.002	486	68.028	547
68.052	511	68.078	517
68.103	535	68.129	488
68.154	554	68.179	463
68.205	572	68.230	442
68.256	582	68.281	428
68.306	589	68.332	420
68.357	589	68.382	418
68.408	581	68.433	425
68.459	571	68.483	437
68.509	556	68.535	457
68.560	535	68.585	481
68.610	512	68.636	509
68.662	486	68.686	538
68.712	461	68.737	569
68.763	437	68.787	599
68.813	416	68.839	625
68.864	397	68.889	648
68.914	382	68.940	664
68.966	375	68.990	675
69.016	372	69.041	680
69.067	377	69.092	677
69.117	386	69.143	668
69.168	400	69.193	653
69.219	418	69.244	632
69.270	441	69.294	607
69.320	466	69.346	578
69.371	491	69.396	549
69.421	517	69.447	519
69.473	539	69.497	491
69.523	559	69.548	466
69.574	574	69.598	446
69.624	584	69.650	431
69.675	589	69.700	423
69.725	589	69.751	422
69.777	582	69.801	428
69.827	570	69.852	441
69.878	552	69.903	459
69.928	531	69.954	481
69.979	507	70.004	510
70.030	481	70.055	538
70.081	456	70.105	568
70.131	432	70.157	596
70.182	411	70.207	622
70.232	394	70.258	644
70.284	381	70.308	660
70.334	374	70.359	671
70.385	372	70.409	675
70.435	376	70.461	674
70.486	386	70.511	665
70.536	402	70.562	650
70.588	421	70.612	631
70.638	445	70.663	605
70.689	470	70.714	578
70.739	496	70.765	550
70.790	522	70.815	521
70.841	544	70.866	494
70.892	563	70.916	470
70.942	579	70.968	450
70.993	588	71.018	437
71.043	593	71.069	428
71.095	590	71.119	426
71.145	582	71.170	432
71.196	569	71.220	445
71.246	550	71.272	461
71.297	527	71.323	483
71.347	503	71.373	511
71.399	477	71.424	538
71.449	451	71.474	566
71.500	428	71.526	594
71.550	406	71.576	619
71.601	390	71.627	640
71.652	378	71.677	657
71.703	372	71.728	668
71.753	372	71.779	672
71.804	377	71.830	670
71.854	387	71.880	661
71.906	405	71.931	646
71.956	424	71.981	627
72.007	448	72.033	606
72.057	473	72.083	579
72.108	500	72.134	550
72.158	525	72.184	523
72.210	548	72.235	496
72.260	568	72.285	473
72.311	582	72.337	454
72.361	591	72.387	441
72.412	594	72.438	433
72.463	591	72.488	432
72.514	583	72.539	437
72.564	568	72.590	448
72.615	549	72.641	465
72.665	526	72.691	487
72.717	500	72.742	508
72.767	474	72.792	538
72.818	448	72.844	566
72.868	422	72.894	593
72.919	403	72.945	617
72.969	386	72.995	637
73.021	375	73.046	652
73.071	368	73.096	662
73.122	368	73.148	666
73.172	375	73.198	664
73.223	387	73.249	656
73.274	404	73.299	642
73.325	425	73.350	625
73.375	450	73.401	603
73.426	476	73.452	576
73.476	504	73.502	550
73.528	529	73.553	523
73.578	551	73.603	498
73.629	570	73.655	476
73.679	584	73.705	458
73.730	594	73.756	446
73.780	598	73.806	438
73.832	593	73.857	437
73.882	583	73.907	442
73.933	568	73.959	453
73.983	548	74.009	467
74.034	525	74.060	492
74.085	498	74.110	513
74.136	472	74.161	540
74.186	445	74.212	566
74.237	421	74.263	591
