#Creator: pendulumviewEventBuffer
#Creation time: Fri Mar 15 10:39:05 2024
#Time A	Pos A	Time B	Pos B
#[s]	[au]	[s]	[au]
0.024	517	0.050	600
0.076	517	0.101	562
0.126	518	0.151	521
0.177	517	0.203	480
0.227	516	0.253	440
0.278	513	0.304	403
0.329	511	0.354	372
0.380	507	0.405	349
0.430	503	0.456	337
0.481	499	0.507	333
0.531	495	0.557	337
0.583	489	0.608	352
0.633	485	0.658	376
0.684	482	0.709	405
0.734	479	0.760	442
0.785	477	0.811	481
0.835	477	0.861	522
0.887	477	0.912	562
0.937	480	0.962	600
0.988	483	1.014	633
1.038	487	1.064	658
1.089	492	1.115	679
1.140	499	1.165	687
1.191	506	1.216	689
1.241	513	1.267	683
1.292	520	1.318	667
1.342	526	1.368	643
1.394	530	1.419	613
1.444	534	1.469	578
1.495	536	1.521	539
1.545	537	1.571	499
1.596	535	1.622	460
1.646	532	1.672	423
1.698	527	1.723	390
1.748	521	1.773	365
1.799	513	1.825	347
1.849	504	1.875	339
1.900	494	1.926	340
1.951	485	1.976	351
2.002	477	2.027	369
2.052	470	2.078	395
2.103	465	2.129	427
2.153	460	2.179	464
2.205	458	2.230	501
2.255	458	2.280	542
2.306	460	2.332	580
2.356	465	2.382	614
2.407	471	2.433	643
2.457	480	2.483	664
2.509	490	2.534	679
2.559	501	2.584	683
2.610	512	2.636	680
2.660	524	2.686	669
2.711	533	2.737	650
2.762	541	2.787	624
2.813	549	2.838	592
2.863	553	2.889	555
2.914	556	2.940	518
2.964	554	2.990	479
3.016	551	3.041	443
3.066	544	3.091	407
3.117	536	3.143	382
3.167	525	3.193	361
3.218	513	3.244	349
3.268	500	3.294	346
3.320	487	3.345	352
3.370	474	3.395	366
3.421	463	3.447	388
3.471	453	3.497	416
3.522	444	3.548	450
3.573	440	3.598	486
3.624	439	3.649	525
3.674	441	3.700	561
3.725	446	3.751	595
3.775	454	3.801	624
3.827	465	3.852	650
3.877	478	3.902	666
3.928	492	3.954	673
3.978	508	4.004	674
4.029	523	4.055	667
4.079	537	4.105	652
4.131	550	4.156	630
4.181	562	4.206	601
4.232	567	4.258	569
4.282	572	4.308	534
4.333	574	4.359	497
4.384	570	4.409	462
4.435	563	4.460	427
4.485	553	4.511	399
4.536	540	4.562	377
4.586	525	4.612	364
4.638	508	4.663	357
4.688	491	4.713	358
4.739	474	4.765	368
4.789	459	4.815	385
4.840	443	4.866	409
4.890	434	4.916	439
4.942	426	4.967	471
4.992	422	5.017	507
5.043	422	5.069	541
5.093	427	5.119	575
5.144	436	5.170	606
5.196	448	5.220	631
5.246	463	5.271	649
5.297	481	5.322	660
5.347	499	5.373	664
5.398	519	5.423	661
5.449	537	5.474	649
5.500	554	5.524	632
5.550	570	5.576	608
5.601	581	5.626	579
5.651	587	5.677	547
5.703	590	5.727	513
5.753	588	5.778	480
5.804	580	5.828	447
5.854	571	5.880	418
5.905	557	5.930	395
5.955	540	5.981	378
6.007	519	6.031	369
6.057	499	6.082	367
6.108	478	6.133	373
6.158	458	6.184	386
6.209	441	6.234	405
6.260	426	6.285	431
6.311	414	6.335	460
6.361	407	6.387	492
6.412	406	6.437	525
6.462	409	6.488	556
6.514	417	6.538	586
6.564	430	6.589	611
6.615	447	6.639	631
6.665	467	6.691	645
6.716	488	6.741	651
6.766	511	6.792	652
6.818	532	6.842	644
6.868	553	6.893	630
6.919	573	6.944	610
6.969	588	6.995	584
7.020	599	7.045	558
7.071	605	7.096	527
7.122	604	7.146	496
7.172	599	7.198	465
7.223	589	7.248	438
7.273	574	7.299	414
7.325	555	7.349	396
7.375	534	7.400	385
7.426	509	7.450	380
7.476	485	7.502	382
7.527	460	7.552	391
7.577	440	7.603	406
7.629	421	7.653	427
7.679	406	7.704	452
7.730	397	7.755	480
7.780	392	7.806	510
7.831	393	7.856	539
7.882	400	7.907	566
7.933	413	7.957	592
7.983	430	8.009	612
8.034	451	8.059	626
8.084	475	8.110	636
8.136	501	8.160	638
8.186	525	8.211	636
8.237	552	8.261	625
8.287	574	8.313	609
8.338	590	8.364	590
8.388	607	8.414	565
8.440	615	8.465	539
8.490	618	8.515	510
8.541	616	8.567	483
8.591	606	8.617	454
8.642	592	8.668	434
8.693	572	8.718	416
8.744	549	8.769	403
8.794	523	8.820	395
8.845	496	8.871	394
8.895	468	8.921	399
8.947	443	8.972	411
8.997	420	9.022	427
9.048	402	9.074	448
9.098	389	9.124	472
9.149	381	9.175	498
9.199	379	9.225	524
9.251	384	9.276	550
9.301	396	9.326	573
9.352	412	9.378	592
9.402	434	9.428	608
9.453	459	9.479	618
9.504	487	9.529	624
9.555	516	9.580	623
9.605	545	9.631	617
9.656	570	9.682	606
9.706	593	9.732	589
9.758	611	9.783	570
9.808	624	9.833	547
9.859	629	9.885	523
9.909	629	9.935	499
9.960	622	9.986	476
10.010	608	10.036	453
10.062	589	10.087	436
10.112	566	10.137	422
10.163	537	10.189	413
10.213	509	10.239	410
10.264	478	10.290	412
10.315	450	10.340	419
10.366	424	10.391	431
10.416	400	10.442	448
10.467	384	10.493	467
10.517	373	10.543	489
10.569	368	10.594	512
10.619	371	10.644	534
10.670	380	10.696	555
10.720	396	10.746	575
10.771	417	10.797	589
10.821	443	10.847	600
10.873	472	10.898	607
10.923	503	10.948	608
10.974	534	11.000	605
11.024	563	11.050	598
11.075	589	11.101	585
11.126	611	11.151	570
11.177	627	11.202	552
11.227	637	11.253	531
11.278	640	11.304	511
11.328	635	11.354	490
11.380	623	11.405	471
11.430	605	11.455	455
11.481	582	11.507	442
11.531	554	11.557	433
11.582	524	11.608	428
11.633	492	11.658	427
11.684	460	11.709	431
11.734	431	11.759	440
11.785	404	11.811	451
11.835	383	11.861	466
11.886	370	11.912	484
11.937	361	11.962	502
11.988	360	12.013	521
12.038	367	12.064	539
12.089	381	12.115	556
12.139	401	12.165	571
12.191	427	12.216	582
12.241	456	12.266	587
12.292	489	12.318	592
12.342	521	12.368	591
12.393	553	12.419	587
12.444	582	12.469	578
12.495	608	12.520	567
12.545	628	12.570	554
12.596	640	12.622	537
12.646	647	12.672	521
12.697	646	12.723	504
12.748	636	12.773	487
12.799	620	12.824	472
12.850	598	12.875	461
12.900	570	12.926	451
12.951	539	12.976	446
13.002	506	13.027	443
13.053	472	13.077	445
13.103	440	13.129	450
13.154	412	13.179	459
13.204	387	13.230	470
13.256	369	13.280	483
13.306	358	13.331	497
13.357	353	13.381	512
13.407	357	13.433	527
13.458	368	13.483	541
13.508	387	13.534	553
13.560	411	13.584	563
13.610	441	13.635	571
13.661	473	13.686	574
13.711	508	13.737	575
13.762	541	13.787	572
13.813	573	13.838	568
13.864	601	13.888	560
13.914	623	13.940	550
13.965	642	13.990	539
14.015	650	14.041	527
14.067	652	14.091	513
14.117	646	14.142	501
14.168	633	14.193	489
14.218	612	14.244	480
14.269	586	14.294	470
14.319	555	14.345	465
14.371	522	14.395	462
14.421	486	14.446	462
14.472	453	14.497	464
14.522	419	14.548	469
14.573	393	14.598	477
14.624	371	14.649	485
14.675	358	14.699	494
14.725	349	14.751	506
14.776	350	14.801	516
14.826	359	14.852	527
14.878	374	14.902	537
14.928	397	14.953	544
14.979	425	15.004	551
15.029	457	15.055	556
15.080	492	15.105	557
15.130	527	15.156	558
15.182	559	15.206	555
15.232	591	15.257	550
15.283	617	15.308	545
15.333	639	15.359	537
15.384	651	15.409	529
15.435	656	15.460	520
15.486	653	15.510	512
15.536	643	15.562	503
15.587	624	15.612	495
15.637	600	15.663	489
15.689	570	15.713	484
15.739	536	15.764	480
15.790	500	15.815	479
15.840	465	15.866	479
15.891	432	15.917	481
15.941	402	15.967	486
15.993	378	16.018	491
16.043	360	16.068	497
16.094	350	16.120	504
16.144	348	16.170	512
16.195	352	16.221	518
16.246	366	16.271	523
16.297	385	16.322	530
16.347	412	16.373	532
16.398	442	16.424	537
16.448	477	16.474	539
16.500	512	16.525	540
16.550	547	16.575	540
16.601	579	16.627	538
16.651	609	16.677	535
16.702	632	16.728	532
16.753	647	16.778	527
16.804	656	16.829	522
16.854	657	16.879	519
16.905	649	16.931	513
16.955	634	16.981	511
17.006	612	17.032	505
17.057	584	17.082	501
17.108	552	17.133	499
17.158	517	17.184	498
17.209	482	17.235	497
17.259	447	17.285	497
17.311	415	17.336	498
17.361	387	17.386	499
17.412	367	17.438	503
17.462	352	17.488	505
17.513	347	17.539	507
17.564	348	17.589	510
17.615	358	17.640	513
17.665	375	17.690	514
17.716	400	17.742	519
17.766	429	17.792	519
17.817	461	17.843	521
17.868	497	17.893	523
17.919	532	17.944	523
17.969	567	17.995	524
18.020	597	18.046	524
18.070	622	18.096	523
18.122	642	18.147	523
18.172	653	18.197	522
18.223	656	18.249	521
18.273	653	18.299	520
18.324	641	18.350	519
18.375	622	18.400	519
18.426	596	18.451	517
18.476	566	18.501	516
18.527	532	18.553	515
18.577	497	18.603	514
18.628	462	18.654	513
18.679	429	18.704	512
18.730	400	18.755	511
18.780	376	18.806	510
18.831	359	18.857	509
18.881	351	18.907	508
18.933	348	18.958	507
18.983	355	19.008	506
19.034	369	19.060	505
19.084	389	19.110	505
19.135	416	19.161	505
19.186	447	19.211	505
19.237	482	19.262	504
19.287	516	19.313	507
19.338	552	19.364	508
19.388	582	19.414	510
19.439	610	19.465	513
19.490	631	19.515	516
19.541	646	19.566	519
19.592	653	19.617	523
19.642	652	19.668	525
19.693	644	19.718	527
19.744	628	19.769	528
19.795	605	19.819	531
19.845	577	19.871	531
19.896	546	19.921	531
19.946	512	19.972	530
19.998	478	20.022	529
20.048	444	20.073	527
20.099	411	20.124	523
20.149	388	20.175	520
20.200	368	20.225	515
20.250	357	20.276	509
20.302	351	20.326	504
20.352	353	20.377	501
20.403	364	20.428	495
20.453	381	20.479	492
20.504	404	20.529	490
20.555	434	20.580	487
20.606	466	20.630	488
20.656	499	20.682	490
20.707	534	20.732	492
20.757	566	20.783	496
20.809	596	20.833	500
20.859	620	20.884	508
20.910	637	20.935	513
20.960	647	20.986	520
21.011	650	21.036	527
21.061	645	21.087	532
21.113	633	21.137	538
21.163	614	21.188	542
21.214	588	21.239	545
21.264	559	21.290	547
21.315	527	21.340	547
21.366	493	21.391	545
21.417	460	21.441	542
21.467	429	21.493	537
21.518	403	21.543	532
21.568	381	21.594	524
21.620	366	21.644	517
21.670	358	21.695	508
21.721	357	21.746	500
21.771	365	21.797	491
21.822	380	21.847	486
21.873	399	21.898	481
21.924	425	21.948	476
21.974	455	21.999	474
22.025	487	22.050	474
22.075	519	22.101	476
22.126	551	22.151	481
22.177	580	22.202	487
22.228	606	22.252	494
22.278	624	22.304	503
22.329	636	22.354	513
22.379	643	22.405	523
22.431	641	22.455	533
22.481	632	22.506	543
22.532	617	22.557	549
22.582	595	22.608	556
22.633	569	22.659	560
22.684	538	22.709	561
22.735	507	22.760	561
22.785	477	22.810	558
22.836	446	22.862	553
22.886	418	22.912	546
22.937	395	22.963	535
22.988	379	23.013	524
23.039	368	23.064	515
23.089	364	23.115	502
23.140	368	23.166	491
23.190	378	23.216	480
23.242	395	23.267	472
23.292	417	23.317	465
23.343	445	23.369	461
23.393	474	23.419	460
23.444	505	23.470	461
23.495	535	23.520	465
23.546	565	23.571	473
23.596	589	23.621	482
23.647	610	23.673	493
23.697	626	23.723	504
23.748	633	23.774	519
23.799	635	23.824	532
23.850	629	23.875	543
23.900	617	23.926	556
23.951	599	23.977	563
24.001	576	24.027	570
24.053	549	24.078	574
24.103	521	24.128	575
24.154	490	24.180	573
24.204	461	24.230	567
24.255	432	24.281	558
24.306	410	24.331	547
24.357	392	24.382	534
24.407	380	24.433	519
24.458	374	24.484	506
24.508	374	24.534	492
24.559	381	24.585	479
24.610	395	24.635	466
24.661	413	24.686	457
24.711	437	24.737	450
24.762	464	24.788	447
24.812	492	24.838	446
24.864	522	24.889	451
24.914	550	24.939	458
24.965	574	24.991	468
25.015	594	25.041	480
25.066	610	25.092	496
25.117	621	25.142	512
25.168	625	25.193	527
25.218	623	25.244	543
25.269	614	25.295	557
25.319	599	25.345	570
25.370	580	25.396	578
25.421	556	25.446	584
25.472	531	25.497	587
25.522	503	25.548	586
25.573	474	25.599	581
25.623	450	25.649	572
25.675	426	25.700	560
25.725	408	25.750	546
25.776	394	25.802	529
25.826	386	25.852	513
25.877	384	25.903	497
25.928	388	25.953	479
25.979	398	26.004	464
26.029	413	26.055	451
26.080	433	26.106	442
26.130	456	26.156	435
26.181	482	26.207	434
26.232	507	26.257	437
26.283	534	26.308	443
26.333	558	26.359	454
26.384	578	26.410	467
26.434	595	26.460	483
26.486	607	26.511	501
26.536	613	26.561	520
26.587	613	26.613	538
26.637	608	26.663	556
26.688	595	26.714	571
26.739	580	26.764	583
26.790	560	26.815	593
26.840	539	26.866	597
26.891	514	26.917	598
26.941	488	26.967	594
26.993	465	27.018	586
27.043	443	27.068	574
27.094	424	27.119	559
27.144	410	27.170	540
27.195	400	27.221	522
27.245	395	27.271	501
27.297	397	27.322	482
27.347	403	27.372	464
27.398	415	27.424	449
27.448	433	27.474	436
27.499	451	27.525	428
27.550	474	27.575	423
27.601	496	27.626	424
27.651	521	27.677	430
27.702	543	27.728	440
27.752	563	27.778	453
27.804	579	27.829	471
27.854	592	27.879	490
27.905	599	27.930	511
27.955	601	27.981	530
28.006	599	28.032	552
28.056	591	28.082	571
28.108	579	28.133	586
28.158	563	28.183	597
28.209	542	28.235	606
28.259	522	28.285	607
28.310	501	28.336	605
28.361	479	28.386	599
28.412	458	28.437	588
28.462	440	28.488	573
28.513	425	28.539	554
28.563	416	28.589	533
28.615	410	28.640	511
28.665	408	28.690	489
28.716	412	28.741	468
28.766	421	28.792	449
28.817	433	28.843	434
28.867	450	28.893	422
28.919	468	28.944	415
28.969	488	28.994	414
29.020	509	29.046	417
29.070	530	29.096	426
29.121	547	29.147	440
29.172	563	29.197	458
29.223	575	29.248	477
29.273	584	29.299	500
29.324	588	29.350	525
29.374	588	29.400	545
29.426	582	29.451	566
29.476	574	29.501	585
29.527	561	29.553	599
29.577	546	29.603	610
29.628	528	29.654	615
29.678	510	29.704	615
29.730	490	29.755	610
29.780	472	29.805	599
29.831	456	29.857	585
29.881	442	29.907	568
29.932	431	29.958	545
29.983	425	30.008	521
30.034	422	30.059	496
30.084	424	30.110	475
30.135	429	30.161	453
30.185	439	30.211	434
30.237	451	30.262	420
30.287	465	30.312	410
30.338	482	30.364	406
30.388	501	30.414	407
30.439	517	30.465	415
30.489	533	30.515	428
30.541	548	30.566	444
30.591	559	30.616	465
30.642	568	30.668	488
30.692	573	30.718	512
30.743	574	30.769	537
30.794	572	30.819	560
30.845	566	30.870	582
30.895	556	30.921	599
30.946	544	30.972	612
30.996	531	31.022	620
31.048	515	31.073	622
31.098	499	31.123	619
31.149	484	31.175	610
31.199	470	31.225	596
31.250	457	31.276	579
31.300	448	31.326	557
31.352	441	31.377	533
31.402	437	31.427	507
31.453	437	31.479	482
31.503	440	31.529	459
31.554	446	31.580	438
31.605	456	31.630	420
31.656	468	31.681	408
31.706	480	31.732	401
31.757	494	31.783	400
31.807	507	31.833	405
31.859	521	31.884	416
31.909	534	31.934	432
31.960	544	31.986	452
32.010	552	32.036	474
32.061	557	32.087	501
32.111	559	32.137	526
32.163	558	32.188	552
32.214	555	32.238	575
32.264	548	32.290	595
32.315	540	32.340	611
32.365	529	32.391	622
32.417	518	32.441	627
32.467	505	32.492	626
32.518	493	32.543	620
32.568	482	32.594	606
32.619	471	32.644	589
32.670	463	32.695	569
32.721	457	32.745	545
32.771	453	32.797	519
32.822	452	32.847	492
32.872	452	32.898	467
32.924	456	32.948	444
32.974	463	32.999	424
33.025	471	33.049	409
33.075	480	33.101	399
33.126	490	33.151	396
33.176	501	33.202	398
33.228	511	33.252	406
33.278	521	33.303	421
33.329	529	33.354	441
33.379	536	33.405	463
33.430	541	33.455	489
33.481	543	33.506	515
33.532	544	33.556	542
33.582	543	33.608	567
33.633	539	33.658	590
33.683	533	33.709	607
33.735	526	33.759	621
33.785	518	33.810	628
33.836	509	33.860	630
33.886	501	33.912	626
33.937	492	33.962	616
33.987	484	34.013	599
34.039	478	34.063	581
34.089	473	34.114	556
34.140	469	34.165	530
34.190	467	34.216	503
34.241	468	34.266	477
34.292	470	34.317	452
34.343	473	34.367	430
34.393	478	34.419	413
34.444	484	34.469	400
34.494	490	34.520	393
34.546	498	34.570	394
34.596	504	34.621	401
34.647	511	34.671	411
34.697	517	34.723	429
34.748	522	34.773	452
34.798	526	34.824	476
34.850	528	34.874	503
34.900	528	34.925	531
34.951	528	34.976	557
35.001	524	35.027	581
35.052	523	35.077	601
35.103	519	35.128	617
35.154	515	35.179	627
35.204	510	35.230	632
35.255	504	35.281	630
35.305	499	35.331	623
35.357	495	35.382	609
35.407	490	35.432	591
35.458	487	35.484	568
35.508	485	35.534	543
35.559	483	35.585	514
35.609	482	35.635	488
35.661	484	35.686	462
35.711	486	35.736	438
35.762	488	35.788	418
35.812	491	35.838	404
35.863	493	35.889	395
35.914	497	35.939	392
35.965	500	35.990	395
36.015	503	36.041	405
36.066	506	36.092	421
36.116	509	36.142	440
36.168	511	36.193	465
36.218	512	36.243	491
36.269	513	36.295	519
36.319	513	36.345	546
36.370	514	36.396	571
36.420	511	36.446	593
36.472	511	36.497	611
36.522	508	36.547	624
36.573	506	36.599	631
36.623	504	36.649	632
36.674	503	36.700	625
36.725	501	36.750	615
36.776	500	36.801	599
36.826	500	36.852	577
36.877	499	36.903	554
36.927	498	36.953	527
36.979	498	37.004	500
37.029	498	37.054	473
37.080	498	37.106	448
37.130	498	37.156	427
37.181	500	37.207	410
37.231	499	37.257	399
37.283	500	37.308	394
37.333	500	37.358	394
37.384	499	37.410	402
37.434	500	37.460	414
37.485	499	37.511	432
37.536	499	37.561	454
37.587	498	37.612	481
37.637	499	37.663	506
37.688	499	37.714	534
37.738	499	37.764	560
37.790	500	37.815	584
37.840	500	37.865	603
37.891	500	37.917	617
37.941	502	37.967	627
37.992	503	38.018	631
38.042	505	38.068	627
38.094	506	38.119	619
38.144	508	38.169	606
38.195	509	38.221	585
38.245	511	38.271	564
38.296	511	38.322	539
38.347	512	38.372	512
38.398	511	38.423	486
38.449	510	38.474	459
38.499	509	38.525	437
38.550	507	38.575	418
38.601	505	38.626	405
38.652	503	38.676	398
38.702	499	38.728	396
38.753	497	38.778	400
38.803	494	38.829	410
38.855	491	38.879	427
38.905	489	38.930	447
38.956	487	38.980	470
39.006	486	39.032	496
39.057	487	39.082	522
39.107	486	39.133	548
39.159	488	39.183	573
39.209	490	39.234	593
39.260	494	39.285	609
39.310	496	39.336	620
39.361	500	39.386	626
39.412	504	39.437	626
39.463	509	39.487	620
39.513	513	39.539	609
39.564	517	39.589	592
39.614	520	39.640	572
39.666	522	39.690	548
39.716	523	39.741	522
39.767	523	39.791	496
39.817	523	39.843	471
39.868	521	39.893	448
39.918	517	39.944	429
39.970	512	39.994	413
40.020	508	40.045	404
40.071	503	40.096	399
40.121	497	40.147	401
40.172	491	40.197	408
40.223	487	40.248	422
40.274	481	40.298	439
40.324	478	40.350	461
40.375	475	40.400	486
40.425	475	40.451	511
40.477	475	40.501	536
40.527	476	40.552	560
40.578	479	40.602	582
40.628	483	40.654	600
40.679	489	40.704	613
40.729	495	40.755	620
40.781	502	40.805	623
40.831	509	40.856	619
40.882	516	40.907	610
40.932	522	40.958	597
40.983	527	41.008	578
41.034	532	41.059	557
41.085	535	41.109	533
41.135	536	41.161	508
41.186	535	41.211	483
41.236	533	41.262	460
41.288	527	41.312	440
41.338	522	41.363	423
41.389	515	41.413	412
41.439	508	41.465	405
41.490	499	41.516	404
41.540	491	41.566	410
41.592	483	41.617	421
41.642	476	41.667	435
41.693	470	41.719	454
41.743	466	41.769	476
41.794	464	41.820	500
41.845	463	41.870	526
41.896	463	41.921	549
41.946	467	41.972	570
41.997	473	42.023	588
42.047	480	42.073	602
42.099	488	42.124	612
42.149	497	42.174	618
42.200	507	42.226	614
42.250	517	42.276	609
42.301	526	42.327	598
42.351	533	42.377	583
42.403	540	42.428	564
42.453	544	42.478	542
42.504	548	42.530	519
42.554	547	42.580	495
42.605	545	42.631	472
42.656	540	42.681	452
42.707	533	42.732	435
42.757	524	42.783	422
42.808	514	42.834	414
42.858	504	42.884	410
42.910	493	42.935	413
42.960	482	42.985	421
43.011	473	43.037	433
43.061	464	43.087	450
43.112	458	43.138	470
43.162	454	43.188	491
43.214	452	43.239	514
43.264	452	43.289	536
43.315	456	43.341	557
43.365	461	43.391	576
43.416	470	43.442	592
43.467	480	43.492	602
43.518	491	43.543	609
43.568	503	43.594	610
43.619	515	43.645	606
43.669	527	43.695	597
43.721	537	43.746	585
43.771	545	43.796	569
43.822	552	43.848	549
43.872	556	43.898	527
43.923	557	43.949	506
43.973	555	43.999	484
44.025	550	44.050	464
44.075	544	44.100	448
44.126	534	44.152	433
44.176	523	44.202	423
44.227	511	44.253	418
44.278	497	44.303	418
44.329	484	44.354	423
44.379	471	44.405	433
44.430	461	44.456	446
44.480	453	44.506	464
44.532	446	44.557	483
44.582	442	44.607	504
44.633	442	44.659	525
44.683	444	44.709	546
44.734	451	44.760	564
44.785	459	44.810	579
44.836	470	44.861	592
44.886	483	44.911	598
44.937	497	44.963	602
44.987	510	45.013	602
45.038	525	45.064	593
45.089	537	45.114	585
45.140	549	45.165	571
45.190	557	45.216	554
45.241	564	45.267	535
45.291	566	45.317	515
45.343	565	45.368	495
45.393	562	45.418	475
45.444	555	45.470	458
45.494	544	45.520	445
45.545	532	45.571	434
45.596	518	45.621	429
45.647	503	45.672	425
45.697	489	45.722	428
45.748	473	45.774	435
45.798	460	45.824	447
45.849	449	45.875	461
45.900	440	45.925	478
45.951	435	45.976	496
46.002	433	46.027	515
46.052	435	46.078	534
46.103	440	46.128	552
46.154	448	46.179	567
46.205	460	46.229	579
46.255	474	46.281	587
46.306	489	46.331	593
46.356	505	46.382	593
46.408	521	46.432	590
46.458	536	46.483	582
46.509	549	46.533	571
46.559	561	46.585	558
46.610	569	46.635	541
46.660	573	46.686	523
46.712	574	46.736	505
46.762	571	46.787	487
46.813	565	46.838	471
46.863	556	46.889	457
46.914	542	46.939	446
46.965	527	46.990	439
47.016	511	47.040	436
47.066	493	47.092	435
47.117	477	47.142	440
47.167	462	47.193	448
47.219	448	47.243	460
47.269	437	47.294	474
47.320	431	47.345	490
47.370	426	47.396	507
47.421	426	47.446	525
47.471	431	47.497	540
47.523	438	47.547	555
47.573	449	47.598	568
47.624	464	47.649	576
47.674	480	47.700	582
47.725	498	47.750	583
47.776	516	47.801	582
47.827	533	47.851	577
47.877	549	47.903	569
47.928	562	47.953	558
47.978	572	48.004	544
48.030	579	48.054	529
48.080	582	48.105	513
48.131	580	48.156	497
48.181	574	48.207	482
48.232	565	48.257	470
48.282	552	48.308	458
48.334	537	48.358	451
48.384	519	48.409	446
48.435	500	48.460	445
48.485	482	48.511	448
48.536	465	48.561	453
48.587	449	48.612	462
48.638	436	48.662	473
48.688	425	48.714	487
48.739	421	48.764	501
48.789	418	48.815	516
48.841	422	48.865	530
48.891	428	48.916	543
48.942	440	48.967	555
48.992	454	49.018	564
49.043	470	49.069	570
49.093	489	49.119	574
49.145	509	49.170	574
49.195	528	49.220	570
49.246	545	49.272	564
49.296	561	49.322	556
49.347	573	49.373	545
49.398	583	49.423	532
49.449	587	49.474	519
49.499	589	49.525	506
49.550	583	49.576	494
49.600	574	49.626	480
49.652	562	49.677	469
49.702	547	49.727	463
49.753	528	49.779	458
49.803	509	49.829	455
49.854	488	49.880	456
49.905	469	49.930	459
49.956	452	49.981	466
50.006	437	50.031	475
50.057	425	50.083	486
50.107	416	50.133	496
50.158	412	50.184	509
50.209	414	50.234	522
50.260	420	50.285	533
50.310	430	50.336	543
50.361	444	50.387	552
50.411	461	50.437	558
50.463	479	50.488	562
50.513	500	50.538	563
50.564	520	50.590	562
50.614	540	50.640	558
50.665	558	50.691	551
50.716	572	50.741	543
50.767	584	50.792	534
50.817	591	50.842	523
50.868	592	50.894	512
50.918	590	50.944	501
50.969	583	50.995	491
51.020	572	51.045	482
51.071	556	51.096	476
51.121	538	51.147	470
51.172	519	51.198	466
51.222	498	51.248	466
51.274	477	51.299	468
51.324	457	51.349	472
51.375	440	51.401	479
51.425	427	51.451	487
51.476	416	51.502	495
51.527	411	51.552	504
51.578	409	51.603	514
51.628	412	51.653	524
51.679	422	51.705	533
51.729	435	51.755	540
51.780	451	51.806	546
51.831	470	51.856	550
51.882	491	51.907	552
51.932	512	51.958	552
51.983	533	52.009	549
52.033	553	52.059	545
52.085	570	52.110	540
52.135	582	52.160	533
52.186	592	52.212	524
52.236	594	52.262	516
52.287	595	52.313	508
52.338	590	52.363	500
52.389	579	52.414	492
52.439	566	52.465	486
52.490	547	52.516	481
52.540	528	52.566	480
52.591	506	52.617	477
52.642	485	52.667	479
52.693	463	52.718	480
52.744	445	52.769	484
52.794	429	52.820	489
52.845	417	52.870	496
52.896	410	52.921	502
52.947	406	52.971	509
52.997	409	53.023	517
53.048	416	53.073	523
53.098	427	53.124	528
53.150	443	53.174	533
53.200	461	53.225	538
53.251	482	53.276	540
53.301	503	53.327	541
53.352	525	53.377	540
53.402	546	53.428	538
53.454	564	53.478	534
53.504	578	53.529	530
53.555	589	53.580	525
53.605	596	53.631	519
53.656	599	53.681	513
53.707	594	53.732	507
53.758	585	53.782	502
53.808	572	53.834	497
53.859	557	53.884	495
53.909	537	53.935	490
53.961	516	53.985	488
54.011	493	54.036	488
54.062	472	54.087	490
54.112	452	54.138	492
54.163	434	54.188	494
54.213	420	54.239	498
54.265	410	54.289	502
54.315	406	54.340	507
54.366	406	54.391	512
54.416	411	54.442	516
54.467	420	54.492	519
54.518	435	54.543	524
54.569	452	54.593	526
54.619	473	54.645	527
54.670	494	54.695	529
54.720	517	54.746	529
54.772	538	54.796	529
54.822	557	54.847	527
54.873	573	54.898	525
54.923	586	54.949	522
54.974	595	54.999	519
55.025	597	55.050	515
55.076	597	55.100	513
55.126	590	55.151	510
55.177	579	55.202	506
55.227	564	55.253	504
55.278	545	55.303	502
55.329	525	55.354	500
55.380	502	55.404	500
55.430	481	55.456	499
55.481	459	55.506	501
55.531	442	55.557	501
55.583	425	55.607	503
55.633	414	55.658	504
55.684	407	55.709	507
55.734	405	55.760	508
55.785	409	55.811	511
55.836	416	55.861	512
55.887	428	55.912	512
55.937	445	55.962	515
55.988	464	56.014	517
56.038	485	56.064	518
56.089	507	56.115	518
56.140	529	56.165	518
56.191	550	56.216	519
56.241	566	56.267	518
56.292	582	56.318	517
56.342	591	56.368	517
56.394	597	56.419	516
56.444	597	56.469	516
56.495	593	56.521	514
56.545	584	56.571	514
56.596	570	56.622	513
56.647	553	56.672	514
56.698	533	56.723	512
56.748	512	56.773	511
56.799	489	56.825	511
56.849	469	56.875	509
56.900	449	56.926	510
56.951	433	56.976	509
57.002	419	57.027	509
57.052	411	57.078	509
57.103	407	57.129	507
57.153	407	57.179	508
57.205	414	57.230	507
57.255	424	57.280	507
57.306	439	57.332	507
57.356	456	57.382	506
57.407	477	57.433	507
57.458	498	57.483	508
57.509	520	57.534	508
57.559	539	57.585	509
57.610	557	57.636	510
57.660	574	57.686	511
57.711	586	57.737	514
57.762	594	57.787	514
57.813	596	57.838	516
57.863	593	57.889	518
57.914	586	57.940	520
57.964	575	57.990	521
58.016	559	58.041	520
58.066	541	58.091	521
58.117	521	58.143	521
58.167	499	58.193	520
58.218	477	58.244	519
58.269	458	58.294	517
58.320	439	58.345	516
58.370	426	58.396	514
58.421	416	58.447	511
58.471	410	58.497	509
58.522	409	58.548	506
58.573	413	58.598	504
58.624	421	58.649	501
58.674	434	58.700	499
58.725	450	58.751	498
58.775	469	58.801	496
58.827	490	58.852	498
58.877	510	58.902	499
58.928	531	58.954	501
58.978	549	59.004	503
59.029	566	59.055	505
59.080	580	59.105	508
59.131	588	59.156	512
59.181	592	59.207	515
59.232	592	59.258	520
59.282	587	59.308	522
59.333	577	59.359	525
59.384	564	59.409	526
59.435	547	59.460	529
59.485	528	59.511	530
59.536	509	59.562	530
59.586	487	59.612	528
59.638	467	59.663	526
59.688	451	59.713	524
59.739	435	59.765	519
59.789	423	59.815	515
59.840	415	59.866	511
59.891	413	59.916	506
59.942	414	59.967	502
59.992	421	60.018	499
60.043	432	60.069	493
60.093	446	60.119	490
60.145	464	60.170	488
60.195	482	60.220	489
60.246	502	60.271	490
60.296	521	60.322	491
60.347	541	60.373	492
60.397	556	60.423	498
60.449	570	60.474	502
60.499	581	60.524	508
60.550	587	60.576	514
60.600	588	60.626	520
60.651	585	60.677	525
60.702	578	60.727	530
60.753	566	60.778	533
60.803	552	60.829	537
60.854	534	60.880	538
60.904	515	60.930	538
60.956	496	60.981	537
61.006	477	61.031	535
61.057	459	61.082	531
61.107	443	61.133	527
61.158	432	61.184	521
61.208	423	61.234	513
61.260	418	61.285	508
61.310	418	61.335	501
61.361	422	61.387	495
61.411	431	61.437	490
61.462	443	61.488	486
61.513	458	61.538	482
61.564	475	61.589	480
61.614	494	61.640	482
61.665	513	61.691	482
61.715	531	61.741	486
61.767	548	61.792	490
61.817	562	61.842	496
61.868	572	61.893	503
61.918	580	61.944	510
61.969	584	61.995	518
62.019	582	62.045	525
62.071	577	62.096	531
62.121	567	62.146	538
62.172	555	62.198	542
62.222	540	62.248	546
62.273	522	62.299	546
62.324	504	62.349	546
62.375	486	62.400	544
62.425	468	62.451	540
62.476	454	62.502	534
62.526	440	62.552	527
62.578	431	62.603	519
62.628	425	62.653	511
62.679	423	62.705	502
62.729	425	62.755	495
62.780	432	62.806	488
62.830	442	62.856	480
62.882	455	62.907	477
62.932	470	62.957	473
62.983	487	63.009	472
63.033	504	63.059	474
63.084	523	63.110	477
63.135	539	63.160	482
63.186	553	63.211	488
63.236	563	63.262	497
63.287	572	63.313	505
63.337	576	63.363	514
63.389	577	63.414	523
63.439	573	63.464	532
63.490	566	63.516	539
63.540	556	63.566	545
63.591	543	63.617	550
63.641	526	63.667	553
63.693	511	63.718	554
63.743	493	63.768	551
63.794	478	63.820	548
63.844	462	63.870	542
63.895	448	63.921	534
63.946	440	63.971	526
63.997	433	64.022	516
64.047	430	64.073	506
64.098	430	64.124	496
64.148	435	64.174	486
64.200	443	64.225	479
64.250	453	64.275	473
64.301	467	64.327	467
64.351	482	64.377	465
64.402	497	64.428	465
64.452	513	64.478	469
64.504	529	64.529	473
64.554	542	64.579	480
64.605	554	64.631	489
64.655	562	64.681	499
64.706	568	64.732	510
64.758	570	64.782	520
64.808	569	64.833	529
64.859	563	64.884	540
64.909	555	64.935	548
64.960	542	64.985	554
65.011	531	65.036	559
65.062	517	65.086	560
65.112	501	65.138	559
65.163	485	65.188	556
65.213	472	65.239	550
65.265	460	65.289	542
65.315	449	65.340	532
65.366	442	65.390	522
65.416	438	65.442	510
65.467	437	65.492	499
65.517	440	65.543	487
65.569	446	65.593	478
65.619	454	65.644	470
65.670	466	65.695	464
65.720	478	65.746	460
65.771	492	65.796	459
65.822	506	65.847	461
65.873	521	65.897	465
65.923	533	65.949	473
65.974	545	65.999	481
66.024	554	66.050	492
66.076	559	66.100	503
66.126	562	66.151	516
66.177	562	66.201	527
66.227	559	66.253	539
66.278	552	66.303	549
66.328	543	66.354	556
66.380	533	66.404	562
66.430	520	66.455	565
66.481	507	66.506	565
66.531	493	66.557	563
66.582	480	66.607	557
66.633	469	66.658	549
66.684	459	66.708	540
66.734	451	66.760	528
66.785	447	66.810	516
66.835	445	66.861	503
66.887	446	66.911	489
66.937	450	66.962	479
66.988	457	67.012	469
67.038	465	67.064	461
67.089	476	67.114	456
67.139	488	67.165	454
67.191	501	67.215	454
67.241	513	67.266	458
67.292	526	67.317	465
67.342	535	67.368	474
67.393	544	67.418	486
67.444	550	67.469	498
67.495	554	67.519	510
67.545	555	67.571	523
67.596	552	67.621	537
67.646	548	67.672	548
67.698	542	67.722	557
67.748	532	67.773	564
67.799	522	67.823	569
67.849	511	67.875	570
67.900	499	67.926	569
67.950	488	67.976	564
68.002	478	68.027	556
68.052	469	68.077	546
68.103	462	68.129	535
68.153	456	68.179	522
68.204	454	68.230	508
68.255	454	68.280	495
68.306	456	68.331	481
68.356	461	68.382	470
68.407	467	68.433	461
68.457	477	68.483	454
68.509	486	68.534	450
68.559	496	68.584	449
68.610	508	68.636	452
68.660	516	68.686	458
68.711	526	68.737	467
68.761	534	68.787	477
68.813	540	68.838	490
68.863	544	68.888	503
68.914	545	68.940	519
68.964	545	68.990	533
69.015	542	69.041	545
69.066	537	69.091	557
69.117	530	69.142	565
69.167	522	69.193	571
69.218	513	69.244	574
69.268	504	69.294	573
69.320	494	69.345	570
69.370	486	69.395	563
69.421	478	69.447	554
69.471	471	69.497	542
69.522	466	69.548	529
69.572	463	69.598	513
69.624	462	69.649	500
69.674	464	69.699	484
69.725	466	69.751	473
69.775	472	69.801	462
69.826	478	69.852	453
69.877	485	69.902	448
69.928	494	69.953	446
69.978	505	70.004	447
70.029	511	70.055	452
70.079	518	70.105	460
70.131	524	70.156	470
70.181	530	70.206	483
70.232	534	70.258	497
70.282	536	70.308	512
70.333	536	70.359	528
70.383	535	70.409	541
70.435	531	70.460	554
70.485	526	70.510	564
70.536	521	70.562	571
70.586	513	70.612	575
70.637	506	70.663	576
70.688	498	70.713	573
70.739	494	70.764	567
70.789	485	70.815	559
70.840	480	70.866	547
70.890	476	70.916	535
70.942	473	70.967	521
70.992	471	71.017	505
71.043	472	71.069	490
71.093	474	71.119	477
71.144	477	71.170	464
71.194	482	71.220	454
71.246	487	71.271	447
71.296	492	71.321	443
71.347	499	71.373	444
71.397	505	71.423	447
71.448	511	71.474	454
71.499	517	71.524	463
71.550	521	71.575	476
71.601	524	71.626	490
71.651	526	71.677	506
71.702	527	71.727	521
71.753	527	71.778	535
71.804	524	71.828	550
71.854	521	71.880	561
71.905	517	71.930	570
71.955	512	71.981	576
72.007	507	72.031	578
72.057	503	72.082	577
72.108	497	72.132	573
72.158	492	72.184	565
72.209	489	72.234	555
72.259	485	72.285	541
72.311	482	72.335	528
72.361	481	72.386	510
72.412	481	72.437	496
72.462	482	72.488	480
72.513	484	72.538	469
72.564	487	72.589	456
72.615	490	72.639	448
72.665	494	72.691	444
72.716	498	72.741	442
72.766	501	72.792	444
72.818	506	72.842	449
72.868	510	72.893	459
72.919	513	72.943	469
72.969	515	72.995	484
73.020	517	73.045	498
73.070	517	73.096	515
73.122	517	73.146	530
73.172	517	73.197	545
73.223	515	73.248	557
73.273	512	73.299	567
73.324	509	73.349	575
73.375	507	73.400	578
73.426	503	73.450	579
73.476	500	73.502	575
73.527	497	73.552	570
73.577	495	73.603	559
73.629	493	73.653	547
73.679	492	73.704	533
73.730	490	73.754	518
73.780	491	73.806	502
73.831	491	73.856	489
73.881	492	73.907	473
73.933	493	73.957	461
73.983	495	74.008	451
74.034	497	74.059	445
74.084	498	74.110	442
74.135	501	74.160	443
74.186	503	74.211	446
74.237	506	74.261	454
74.287	506	74.313	465
74.338	507	74.363	478
74.388	508	74.414	492
74.440	508	74.464	508
74.490	509	74.515	524
74.541	507	74.565	539
74.591	507	74.617	552
74.642	506	74.668	564
74.692	506	74.718	572
74.744	503	74.769	578
74.794	504	74.819	579
74.845	501	74.871	577
74.895	501	74.921	572
74.946	500	74.972	564
74.997	500	75.022	552
75.048	500	75.073	539
75.098	500	75.124	524
75.149	499	75.175	509
75.199	500	75.225	493
75.251	500	75.276	479
75.301	500	75.326	466
75.352	501	75.378	455
75.402	502	75.428	448
75.453	501	75.479	444
75.503	502	75.529	442
75.555	501	75.580	445
75.605	501	75.630	452
75.656	501	75.682	461
75.706	501	75.732	473
75.757	500	75.783	487
75.808	500	75.833	502
75.859	500	75.884	517
75.909	499	75.935	533
75.960	499	75.986	547
76.010	499	76.036	558
76.062	500	76.087	568
76.112	501	76.137	574
76.163	501	76.189	577
76.213	501	76.239	577
76.264	502	76.290	573
76.314	504	76.340	566
76.366	505	76.391	555
76.416	506	76.441	544
76.467	506	76.493	530
76.517	507	76.543	516
76.568	507	76.594	499
76.619	507	76.644	485
76.670	508	76.695	472
76.720	506	76.746	461
76.771	505	76.797	452
76.821	503	76.847	446
76.873	502	76.898	444
76.923	500	76.948	445
76.974	498	77.000	450
77.024	497	77.050	458
77.075	495	77.101	469
77.125	494	77.151	483
77.177	493	77.202	496
77.227	492	77.252	511
77.278	493	77.304	526
77.328	493	77.354	540
77.379	494	77.405	552
77.430	495	77.455	563
77.481	497	77.506	570
77.531	499	77.557	574
77.582	502	77.608	576
77.632	504	77.658	573
77.684	506	77.709	567
77.734	509	77.759	558
77.785	511	77.811	548
77.835	513	77.861	536
77.886	513	77.912	522
77.937	514	77.962	506
77.988	514	78.013	491
78.038	513	78.063	478
78.089	512	78.115	466
78.139	509	78.165	457
78.190	507	78.216	450
78.241	503	78.266	447
78.292	501	78.317	447
78.342	497	78.368	451
78.393	495	78.419	456
78.443	491	78.469	466
78.495	489	78.520	477
78.545	487	78.570	491
78.596	486	78.622	502
78.646	486	78.672	520
78.697	487	78.723	532
78.748	488	78.773	546
78.799	490	78.824	557
78.849	493	78.874	565
78.900	497	78.926	570
78.950	501	78.976	573
79.001	504	79.027	572
79.052	509	79.077	568
79.103	512	79.128	561
79.154	515	79.179	551
79.204	517	79.230	539
79.255	519	79.280	526
79.306	520	79.331	512
79.357	520	79.381	498
79.407	519	79.433	485
79.458	516	79.483	473
79.508	514	79.534	463
79.560	511	79.584	455
79.610	506	79.635	451
79.661	502	79.685	449
79.711	497	79.737	451
79.762	493	79.787	457
79.812	488	79.838	464
79.864	486	79.888	474
79.914	482	79.939	487
79.965	481	79.990	499
80.015	480	80.041	513
80.066	482	80.091	526
80.117	483	80.142	539
80.168	485	80.192	550
80.218	490	80.244	558
80.269	492	80.294	565
80.319	498	80.345	568
80.371	503	80.395	569
80.421	508	80.446	566
80.472	513	80.497	561
80.522	518	80.548	553
80.573	521	80.598	542
80.623	524	80.649	530
80.675	526	80.699	518
80.725	526	80.750	505
80.776	525	80.801	491
80.826	523	80.852	479
80.877	519	80.902	469
80.928	514	80.953	461
80.979	509	81.003	456
81.029	504	81.055	453
81.080	498	81.105	454
81.130	493	81.156	457
81.182	487	81.206	463
81.232	481	81.257	472
81.283	479	81.308	483
81.333	476	81.359	496
81.384	475	81.409	508
81.434	475	81.460	520
81.486	476	81.510	532
81.536	478	81.561	543
81.587	484	81.612	553
81.637	489	81.663	559
81.688	494	81.713	564
81.739	502	81.764	565
81.790	507	81.814	564
81.840	513	81.866	560
81.891	519	81.916	553
81.941	524	81.967	545
81.993	528	82.017	533
82.043	530	82.068	522
82.094	531	82.119	510
82.144	530	82.170	498
82.195	529	82.221	486
82.245	524	82.271	476
82.297	519	82.322	468
82.347	514	82.372	462
82.398	507	82.424	458
82.448	500	82.474	457
82.499	493	82.525	460
82.550	487	82.575	465
82.601	481	82.626	471
82.651	476	82.677	480
82.702	472	82.728	492
82.752	470	82.778	504
82.804	470	82.829	514
82.854	471	82.879	527
82.905	474	82.931	537
82.955	477	82.981	546
83.006	484	83.032	553
83.057	491	83.082	558
83.108	497	83.133	560
83.158	505	83.183	560
83.209	513	83.235	557
83.259	520	83.285	553
83.310	526	83.336	544
83.361	531	83.386	537
83.412	534	83.437	526
83.462	536	83.488	514
