#Creator: pendulumviewEventBuffer
#Creation time: Fri Mar 15 09:51:11 2024
#Time A	Pos A	Time B	Pos B
#[s]	[au]	[s]	[au]
0.024	491	0.050	574
0.075	485	0.101	606
0.126	479	0.151	635
0.177	474	0.202	658
0.227	472	0.253	672
0.278	471	0.304	680
0.328	473	0.354	681
0.380	477	0.405	672
0.430	483	0.455	657
0.481	490	0.507	636
0.531	498	0.557	606
0.582	507	0.608	574
0.633	514	0.658	539
0.684	523	0.709	503
0.734	531	0.760	468
0.785	537	0.811	436
0.835	541	0.861	408
0.886	544	0.912	388
0.938	544	0.962	376
0.988	541	1.013	370
1.039	537	1.064	373
1.089	531	1.115	384
1.140	523	1.165	402
1.191	513	1.216	427
1.242	504	1.266	458
1.292	496	1.318	491
1.343	486	1.368	527
1.393	479	1.419	562
1.445	472	1.469	594
1.495	468	1.520	623
1.546	466	1.571	647
1.596	466	1.622	665
1.647	469	1.672	674
1.697	474	1.723	677
1.749	480	1.773	672
1.799	489	1.824	658
1.850	498	1.875	639
1.900	509	1.926	613
1.951	519	1.976	583
2.002	528	2.027	550
2.053	536	2.077	516
2.103	545	2.129	481
2.154	550	2.179	450
2.204	552	2.230	421
2.256	553	2.280	399
2.306	550	2.331	384
2.357	545	2.382	375
2.407	537	2.433	375
2.458	528	2.483	383
2.508	518	2.534	399
2.560	506	2.584	422
2.610	495	2.635	450
2.661	484	2.686	482
2.711	474	2.737	515
2.762	465	2.787	550
2.813	459	2.838	581
2.864	456	2.888	611
2.914	455	2.940	636
2.965	457	2.990	655
3.015	463	3.041	666
3.067	471	3.091	671
3.117	480	3.142	667
3.168	491	3.193	658
3.218	504	3.244	642
3.269	518	3.295	619
3.320	530	3.345	591
3.371	541	3.396	560
3.421	551	3.446	527
3.472	559	3.498	495
3.522	563	3.548	462
3.573	564	3.599	434
3.624	563	3.649	411
3.675	558	3.700	396
3.725	551	3.751	386
3.776	540	3.802	380
3.826	528	3.852	388
3.878	515	3.903	400
3.928	501	3.953	419
3.979	486	4.005	444
4.029	473	4.055	473
4.080	461	4.106	505
4.131	454	4.156	537
4.182	445	4.207	569
4.232	443	4.257	598
4.283	444	4.309	623
4.333	448	4.359	644
4.384	455	4.410	656
4.435	465	4.460	663
4.486	477	4.511	663
4.536	492	4.562	655
4.587	507	4.613	641
4.637	523	4.663	621
4.689	538	4.714	597
4.739	551	4.764	568
4.790	563	4.816	537
4.840	571	4.866	505
4.891	577	4.917	475
4.942	577	4.967	448
4.993	574	5.018	424
5.043	568	5.068	406
5.094	558	5.120	395
5.144	546	5.170	390
5.195	530	5.221	393
5.246	514	5.271	403
5.297	497	5.322	419
5.347	481	5.373	442
5.398	465	5.424	468
5.448	451	5.474	497
5.500	441	5.525	527
5.550	434	5.575	557
5.601	431	5.627	585
5.651	431	5.677	610
5.702	436	5.728	630
5.753	445	5.778	644
5.804	457	5.829	653
5.854	471	5.880	654
5.905	488	5.931	649
5.955	508	5.981	638
6.006	526	6.032	622
6.057	544	6.082	598
6.108	560	6.133	574
6.159	572	6.184	546
6.209	582	6.235	516
6.260	589	6.285	488
6.311	590	6.336	461
6.362	586	6.386	438
6.412	578	6.438	420
6.463	568	6.488	408
6.513	553	6.539	401
6.565	536	6.589	402
6.615	516	6.640	410
6.666	497	6.691	422
6.716	477	6.742	441
6.767	459	6.792	464
6.817	444	6.843	490
6.869	431	6.893	518
6.919	422	6.944	546
6.970	418	6.995	573
7.020	419	7.046	596
7.071	425	7.096	617
7.122	434	7.147	631
7.173	448	7.197	641
7.223	465	7.249	644
7.274	484	7.299	641
7.324	505	7.350	633
7.376	526	7.400	618
7.426	546	7.451	600
7.477	565	7.502	578
7.527	580	7.553	552
7.578	591	7.603	525
7.628	599	7.654	499
7.680	600	7.704	473
7.730	597	7.755	452
7.781	590	7.806	434
7.831	578	7.857	421
7.882	562	7.907	414
7.933	543	7.958	413
7.984	522	8.008	417
8.034	499	8.060	428
8.085	477	8.110	445
8.135	457	8.161	463
8.187	439	8.211	486
8.237	424	8.262	511
8.288	413	8.313	537
8.338	408	8.364	561
8.389	408	8.414	583
8.440	413	8.465	602
8.491	423	8.515	618
8.541	438	8.566	627
8.592	456	8.617	631
8.642	478	8.668	632
8.693	500	8.718	625
8.744	524	8.769	614
8.795	546	8.819	598
8.845	567	8.871	578
8.896	585	8.921	556
8.946	598	8.972	532
8.998	606	9.022	508
9.048	611	9.073	486
9.099	610	9.124	464
9.149	601	9.175	448
9.200	590	9.226	435
9.251	572	9.276	427
9.302	553	9.327	424
9.352	528	9.377	428
9.403	504	9.429	435
9.453	479	9.479	447
9.504	456	9.530	465
9.555	436	9.580	485
9.606	419	9.631	507
9.656	406	9.682	529
9.707	399	9.733	551
9.757	398	9.783	572
9.809	403	9.834	590
9.859	412	9.884	603
9.910	426	9.936	614
9.960	447	9.986	619
10.011	468	10.037	620
10.062	493	10.087	615
10.113	519	10.138	606
10.163	544	10.188	594
10.214	568	10.240	576
10.264	588	10.290	557
10.315	603	10.341	537
10.366	614	10.391	515
10.417	620	10.442	495
10.467	619	10.493	478
10.518	612	10.544	462
10.568	600	10.594	449
10.620	583	10.645	441
10.670	561	10.695	438
10.721	537	10.747	439
10.771	511	10.797	445
10.822	484	10.848	455
10.873	459	10.898	469
10.924	436	10.949	485
10.974	416	11.000	504
11.025	403	11.051	523
11.075	393	11.101	543
11.126	390	11.152	562
11.177	394	11.202	577
11.228	401	11.253	590
11.278	415	11.304	600
11.329	434	11.355	606
11.379	458	11.405	607
11.431	485	11.456	604
11.481	512	11.506	597
11.532	539	11.558	586
11.582	564	11.608	573
11.633	587	11.659	557
11.684	606	11.709	540
11.735	618	11.760	521
11.785	626	11.811	503
11.836	627	11.862	488
11.886	622	11.912	474
11.937	611	11.963	463
11.988	594	12.013	455
12.039	572	12.064	452
12.089	547	12.115	452
12.140	518	12.166	457
12.190	491	12.216	465
12.242	463	12.267	476
12.292	439	12.317	490
12.343	417	12.369	504
12.393	400	12.419	521
12.444	388	12.470	539
12.495	383	12.520	553
12.546	384	12.571	566
12.596	392	12.622	579
12.647	406	12.673	587
12.697	425	12.723	591
12.748	449	12.774	593
12.799	476	12.824	591
12.850	504	12.875	585
12.900	533	12.926	578
12.951	560	12.977	566
13.001	584	13.027	553
13.053	605	13.078	539
13.103	620	13.128	526
13.154	630	13.180	510
13.204	633	13.230	497
13.255	630	13.281	485
13.306	619	13.331	476
13.357	604	13.382	469
13.407	582	13.433	466
13.458	557	13.484	466
13.508	528	13.534	469
13.560	497	13.585	476
13.610	471	13.635	485
13.661	443	13.686	496
13.711	419	13.737	508
13.762	400	13.788	520
13.812	387	13.838	534
13.864	380	13.889	547
13.914	379	13.939	558
13.965	385	13.991	567
14.015	397	14.041	575
14.066	416	14.092	578
14.117	439	14.142	580
14.168	466	14.193	578
14.218	496	14.244	574
14.269	525	14.295	567
14.319	554	14.345	558
14.371	581	14.396	548
14.421	603	14.446	537
14.472	620	14.497	525
14.522	632	14.548	512
14.573	637	14.599	503
14.623	635	14.649	493
14.675	627	14.700	487
14.725	612	14.750	482
14.776	592	14.802	480
14.826	566	14.852	480
14.877	538	14.903	483
14.928	508	14.953	488
14.979	478	15.004	495
15.029	450	15.055	504
15.080	425	15.106	514
15.130	403	15.156	524
15.182	387	15.207	534
15.232	378	15.257	542
15.283	375	15.308	551
15.333	379	15.359	558
15.384	390	15.410	563
15.434	406	15.460	566
15.486	429	15.511	566
15.536	456	15.561	564
15.587	485	15.613	561
15.637	514	15.663	555
15.688	545	15.714	547
15.739	573	15.764	540
15.790	599	15.815	531
15.840	617	15.866	523
15.891	631	15.917	515
15.941	638	15.967	507
15.993	639	16.018	500
16.043	632	16.068	496
16.094	619	16.120	493
16.144	600	16.170	493
16.195	576	16.221	493
16.245	548	16.271	497
16.297	518	16.322	501
16.347	487	16.372	507
16.398	458	16.424	514
16.448	430	16.474	521
16.499	408	16.525	528
16.550	390	16.575	536
16.601	379	16.626	542
16.651	374	16.677	547
16.702	375	16.728	551
16.752	384	16.778	553
16.804	400	16.829	555
16.854	421	16.879	553
16.905	447	16.931	551
16.955	475	16.981	547
17.006	505	17.032	542
17.056	537	17.082	537
17.108	565	17.133	530
17.158	591	17.183	524
17.209	612	17.235	517
17.259	628	17.285	513
17.310	637	17.336	509
17.361	639	17.386	506
17.412	635	17.437	504
17.462	624	17.488	503
17.513	607	17.539	504
17.563	584	17.589	508
17.615	557	17.640	510
17.665	528	17.690	514
17.716	497	17.742	520
17.766	469	17.792	525
17.817	439	17.843	530
17.867	415	17.893	535
17.919	395	17.944	539
17.969	382	17.994	542
18.020	374	18.046	545
18.070	374	18.096	546
18.121	381	18.147	545
18.172	394	18.197	543
18.223	413	18.248	541
18.273	438	18.299	539
18.324	466	18.350	533
18.374	495	18.400	529
18.426	526	18.451	524
18.476	555	18.501	520
18.527	582	18.553	515
18.577	606	18.603	512
18.628	622	18.654	510
18.678	633	18.704	508
18.730	638	18.755	508
18.781	635	18.805	509
18.831	627	18.857	511
18.882	612	18.907	514
18.932	591	18.958	520
18.984	566	19.008	523
19.034	537	19.059	527
19.085	508	19.110	532
19.135	477	19.161	538
19.186	449	19.211	540
19.237	423	19.262	543
19.288	403	19.312	545
19.338	387	19.364	545
19.389	377	19.414	544
19.439	376	19.465	543
19.491	381	19.515	540
19.541	391	19.566	536
19.592	408	19.616	530
19.642	431	19.668	527
19.693	457	19.718	521
19.743	486	19.769	515
19.795	515	19.819	512
19.845	545	19.870	508
19.896	572	19.921	506
19.946	596	19.972	504
19.997	615	20.022	505
20.048	628	20.073	505
20.099	634	20.123	509
20.149	635	20.175	512
20.200	628	20.225	517
20.250	615	20.276	522
20.302	596	20.326	529
20.352	573	20.377	534
20.403	546	20.427	539
20.453	517	20.479	545
20.504	488	20.529	550
20.554	459	20.580	551
20.606	433	20.630	551
20.656	411	20.681	551
20.707	396	20.732	549
20.757	385	20.783	546
20.808	379	20.833	542
20.859	382	20.884	536
20.910	391	20.934	529
20.960	405	20.986	524
21.011	425	21.036	517
21.061	449	21.087	510
21.113	477	21.137	504
21.163	506	21.188	502
21.214	535	21.238	497
21.264	562	21.290	495
21.315	586	21.340	495
21.365	606	21.391	498
21.417	620	21.441	501
21.467	630	21.492	507
21.518	632	21.543	513
21.568	627	21.594	520
21.619	616	21.644	528
21.670	599	21.695	537
21.721	579	21.746	543
21.771	554	21.797	551
21.822	526	21.848	555
21.872	497	21.898	559
21.924	470	21.949	562
21.974	444	21.999	561
22.025	422	22.051	560
22.075	404	22.101	556
22.126	392	22.152	550
22.176	384	22.202	543
22.228	387	22.253	535
22.278	392	22.303	526
22.329	405	22.355	518
22.379	422	22.405	509
22.430	444	22.456	501
22.481	469	22.506	494
22.532	496	22.557	488
22.582	524	22.608	485
22.633	551	22.659	485
22.683	575	22.709	486
22.735	595	22.760	489
22.785	610	22.810	495
22.836	621	22.862	502
22.886	625	22.912	512
22.937	624	22.963	522
22.987	615	23.013	532
23.039	601	23.064	542
23.089	582	23.114	551
23.140	560	23.166	559
23.190	534	23.216	566
23.241	507	23.267	570
23.292	480	23.317	572
23.343	454	23.368	572
23.393	432	23.419	567
23.444	414	23.470	563
23.494	401	23.520	556
23.546	392	23.571	547
23.596	391	23.621	537
23.647	395	23.673	525
23.697	405	23.723	514
23.748	420	23.774	503
23.798	441	23.824	493
23.850	464	23.875	485
23.900	488	23.925	479
23.951	515	23.977	475
24.001	540	24.027	475
24.052	564	24.078	475
24.103	584	24.128	481
24.154	600	24.179	487
24.204	612	24.230	497
24.255	617	24.281	508
24.305	617	24.331	520
24.357	611	24.382	534
24.407	599	24.432	544
24.458	583	24.484	557
24.508	563	24.534	567
24.559	540	24.585	575
24.609	516	24.635	580
24.661	490	24.686	582
24.711	466	24.736	582
24.762	444	24.788	578
24.812	425	24.838	573
24.863	411	24.889	564
24.914	401	24.939	552
24.965	399	24.990	539
25.016	401	25.041	526
25.066	409	25.092	512
25.117	421	25.142	499
25.168	440	25.193	487
25.219	459	25.243	477
25.269	483	25.295	470
25.320	507	25.345	465
25.370	530	25.396	464
25.422	553	25.446	466
25.472	573	25.497	470
25.523	587	25.547	479
25.573	601	25.599	492
25.624	608	25.649	502
25.674	610	25.700	516
25.726	605	25.750	532
25.776	596	25.801	546
25.827	583	25.852	560
25.877	564	25.903	572
25.928	544	25.953	582
25.979	522	26.004	588
26.030	499	26.054	591
26.080	476	26.106	591
26.131	455	26.156	588
26.181	436	26.207	581
26.233	422	26.257	570
26.283	413	26.308	558
26.334	408	26.358	544
26.384	409	26.410	529
26.435	415	26.460	513
26.485	425	26.511	497
26.537	440	26.561	484
26.587	456	26.612	472
26.638	477	26.663	462
26.688	501	26.714	457
26.739	522	26.764	455
26.790	543	26.815	456
26.841	562	26.865	462
26.891	578	26.917	470
26.942	590	26.967	482
26.992	597	27.018	497
27.044	600	27.068	512
27.094	598	27.119	530
27.145	591	27.169	546
27.195	580	27.221	562
27.246	564	27.271	575
27.296	546	27.322	587
27.348	526	27.372	595
27.398	505	27.423	600
27.449	485	27.474	600
27.499	465	27.525	597
27.550	448	27.575	590
27.601	434	27.626	579
27.652	424	27.676	566
27.702	419	27.728	551
27.753	418	27.778	533
27.803	422	27.829	516
27.855	430	27.879	498
27.905	442	27.930	482
27.956	458	27.980	468
28.006	475	28.032	456
28.057	494	28.083	450
28.107	514	28.133	446
28.159	534	28.184	447
28.209	552	28.234	452
28.260	566	28.286	461
28.310	578	28.336	474
28.361	586	28.387	489
28.412	590	28.437	506
28.463	589	28.488	524
28.513	583	28.539	543
28.564	574	28.590	562
28.614	561	28.640	577
28.666	546	28.691	590
28.716	529	28.741	600
28.767	510	28.793	606
28.817	492	28.843	608
28.868	474	28.894	606
28.918	459	28.944	599
28.970	446	28.995	588
29.020	436	29.045	574
29.071	430	29.097	557
29.121	429	29.147	539
29.172	431	29.198	520
29.223	438	29.248	501
29.274	447	29.299	483
29.324	460	29.350	467
29.375	476	29.401	453
29.425	493	29.451	445
29.477	510	29.502	440
29.527	527	29.552	439
29.578	541	29.604	444
29.628	557	29.654	452
29.679	567	29.705	465
29.729	574	29.755	481
29.781	577	29.806	498
29.831	578	29.856	519
29.882	575	29.908	539
29.932	567	29.958	557
29.983	557	30.009	576
30.034	543	30.059	591
30.085	529	30.110	603
30.135	513	30.161	611
30.186	497	30.212	614
30.236	482	30.262	613
30.288	469	30.313	607
30.338	458	30.363	597
30.389	448	30.415	583
30.439	442	30.465	566
30.490	440	30.516	546
30.540	441	30.566	526
30.592	447	30.617	505
30.642	454	30.667	485
30.693	465	30.719	467
30.743	478	30.769	452
30.794	490	30.820	440
30.845	506	30.870	435
30.896	520	30.921	433
30.946	533	30.972	436
30.997	544	31.023	444
31.047	555	31.073	457
31.099	562	31.124	472
31.149	566	31.174	491
31.200	566	31.226	512
31.250	564	31.276	533
31.301	558	31.327	554
31.352	550	31.377	573
31.403	539	31.428	591
31.453	527	31.478	604
31.504	514	31.530	613
31.554	500	31.580	619
31.605	488	31.631	619
31.656	476	31.681	614
31.707	466	31.732	604
31.757	459	31.783	590
31.808	454	31.834	573
31.858	452	31.884	554
31.910	453	31.935	532
31.960	457	31.985	510
32.011	463	32.037	489
32.061	472	32.087	468
32.112	482	32.138	452
32.163	493	32.188	441
32.214	505	32.239	433
32.264	517	32.289	429
32.315	527	32.341	430
32.365	537	32.391	437
32.416	544	32.442	449
32.467	551	32.492	464
32.518	554	32.543	483
32.569	555	32.594	504
32.619	551	32.645	526
32.670	548	32.695	550
32.721	541	32.746	569
32.772	533	32.796	589
32.822	523	32.848	604
32.873	513	32.898	614
32.923	503	32.949	622
32.975	492	32.999	623
33.025	483	33.050	619
33.076	476	33.100	611
33.126	470	33.152	598
33.177	465	33.202	582
33.227	465	33.253	562
33.279	465	33.303	540
33.329	468	33.354	517
33.380	473	33.405	496
33.430	480	33.456	475
33.481	487	33.506	457
33.532	496	33.557	442
33.583	506	33.607	431
33.633	515	33.659	426
33.684	523	33.709	426
33.734	530	33.760	431
33.786	536	33.810	442
33.836	540	33.861	457
33.887	542	33.912	475
33.937	543	33.963	496
33.988	541	34.013	519
34.038	537	34.064	542
34.090	532	34.114	564
34.140	525	34.165	585
34.191	518	34.216	601
34.241	510	34.267	613
34.292	502	34.317	622
34.343	494	34.368	625
34.394	489	34.418	624
34.444	483	34.470	616
34.495	479	34.520	605
34.545	476	34.571	589
34.597	476	34.621	570
34.647	477	34.672	548
34.698	479	34.723	525
34.748	483	34.774	502
34.799	489	34.824	480
34.849	495	34.875	462
34.901	501	34.925	444
34.951	508	34.976	433
35.002	514	35.027	426
35.052	520	35.078	424
35.103	525	35.128	428
35.154	528	35.179	435
35.205	531	35.229	450
35.255	531	35.281	468
35.306	531	35.331	488
35.356	528	35.382	511
35.408	525	35.432	534
35.458	521	35.483	556
35.509	516	35.534	577
35.559	510	35.585	596
35.610	505	35.636	610
35.660	499	35.686	620
35.712	495	35.737	627
35.762	491	35.787	625
35.813	488	35.839	620
35.863	486	35.889	609
35.914	485	35.940	595
35.965	486	35.990	576
36.016	489	36.041	555
36.066	491	36.092	533
36.117	494	36.143	510
36.167	498	36.193	487
36.219	504	36.244	466
36.269	508	36.294	449
36.320	513	36.346	436
36.370	517	36.396	428
36.421	520	36.447	423
36.472	522	36.497	426
36.523	523	36.548	433
36.573	523	36.598	445
36.624	522	36.650	461
36.674	520	36.700	481
36.725	517	36.751	503
36.776	514	36.801	526
36.827	509	36.852	549
36.877	506	36.903	571
36.928	502	36.954	590
36.978	498	37.004	606
37.030	496	37.055	617
37.080	493	37.105	624
37.131	492	37.157	625
37.181	492	37.207	622
37.232	492	37.258	613
37.283	494	37.308	600
37.334	496	37.359	582
37.384	500	37.409	563
37.435	503	37.461	540
37.485	507	37.511	518
37.536	511	37.562	495
37.587	514	37.612	474
37.638	516	37.663	456
37.688	519	37.714	442
37.739	520	37.765	432
37.789	521	37.815	426
37.841	520	37.866	424
37.891	519	37.916	431
37.942	516	37.968	441
37.992	514	38.018	457
38.043	510	38.069	473
38.094	506	38.119	495
38.145	503	38.170	518
38.195	499	38.220	541
38.246	495	38.272	562
38.296	493	38.322	583
38.347	492	38.373	599
38.398	490	38.423	612
38.449	491	38.474	621
38.499	492	38.525	624
38.550	493	38.576	621
38.600	497	38.626	615
38.652	500	38.677	603
38.702	505	38.727	588
38.753	508	38.779	568
38.803	513	38.829	548
38.854	517	38.880	525
38.905	520	38.930	503
38.956	523	38.981	482
39.006	525	39.032	463
39.057	524	39.083	447
39.107	524	39.133	436
39.158	522	39.184	429
39.209	520	39.234	428
39.260	516	39.285	432
39.311	512	39.336	441
39.361	508	39.387	453
39.412	502	39.437	470
39.463	498	39.488	489
39.514	493	39.538	510
39.564	489	39.590	533
39.615	487	39.640	554
39.665	484	39.691	574
39.717	484	39.741	591
39.767	484	39.792	605
39.818	486	39.843	615
39.868	491	39.894	619
39.919	494	39.944	619
39.969	499	39.995	614
40.021	504	40.045	605
40.071	510	40.096	591
40.122	516	40.147	574
40.172	521	40.198	554
40.223	527	40.248	533
40.274	529	40.299	511
40.325	532	40.349	491
40.375	532	40.401	472
40.426	533	40.451	456
40.476	530	40.502	443
40.528	527	40.552	434
40.578	522	40.603	432
40.629	516	40.654	433
40.679	510	40.705	440
40.730	503	40.755	451
40.780	497	40.806	466
40.832	490	40.856	483
40.882	484	40.907	503
40.933	480	40.958	525
40.983	476	41.009	546
41.034	476	41.059	566
41.085	476	41.110	583
41.136	478	41.160	597
41.186	481	41.212	608
41.237	485	41.262	613
41.287	492	41.313	615
41.339	499	41.363	613
41.389	506	41.414	605
41.440	514	41.465	592
41.490	522	41.516	578
41.541	528	41.566	560
41.592	534	41.617	540
41.643	538	41.667	520
41.693	540	41.718	499
41.744	541	41.769	480
41.794	540	41.820	464
41.845	536	41.870	451
41.896	532	41.921	442
41.947	525	41.971	437
41.997	518	42.023	436
42.048	509	42.073	441
42.098	500	42.124	450
42.150	492	42.174	463
42.200	485	42.225	480
42.251	478	42.276	498
42.301	472	42.327	518
42.352	469	42.378	538
42.403	466	42.428	557
42.454	467	42.479	574
42.504	470	42.529	589
42.555	475	42.581	601
42.605	481	42.631	608
42.656	489	42.682	611
42.707	498	42.732	609
42.758	507	42.783	604
42.808	517	42.834	593
42.859	526	42.885	580
42.909	534	42.935	564
42.961	541	42.986	546
43.011	545	43.036	527
43.062	549	43.088	507
43.112	549	43.138	489
43.163	548	43.189	472
43.214	544	43.239	459
43.265	538	43.290	449
43.315	530	43.340	443
43.366	521	43.392	442
43.416	510	43.442	445
43.467	500	43.493	453
43.518	490	43.543	464
43.569	480	43.594	477
43.619	472	43.645	494
43.670	465	43.696	512
43.720	460	43.746	530
43.772	459	43.797	548
43.822	459	43.847	566
43.873	462	43.899	580
43.923	467	43.949	592
43.974	475	44.000	600
44.025	484	44.050	604
44.076	495	44.101	604
44.126	506	44.152	600
44.177	517	44.203	593
44.227	528	44.253	581
44.278	538	44.304	567
44.329	546	44.354	550
44.380	552	44.405	533
44.430	558	44.456	515
44.481	557	44.507	497
44.531	555	44.557	482
44.583	552	44.608	468
44.633	544	44.658	458
44.684	535	44.710	451
44.734	525	44.760	448
44.785	514	44.811	449
44.836	501	44.861	455
44.887	489	44.912	464
44.937	478	44.963	476
44.988	468	45.014	490
45.038	460	45.064	507
45.089	454	45.115	524
45.140	452	45.165	541
45.191	451	45.216	557
45.241	454	45.267	571
45.292	460	45.318	583
45.342	468	45.368	591
45.394	479	45.419	596
45.444	490	45.469	597
45.495	503	45.521	595
45.545	516	45.571	589
45.596	529	45.622	580
45.647	540	45.672	567
45.698	550	45.723	554
45.748	558	45.774	538
45.799	562	45.825	521
45.849	566	45.875	506
45.900	563	45.926	491
45.951	559	45.976	478
46.002	552	46.027	467
46.052	542	46.078	460
46.103	531	46.129	457
46.153	518	46.179	457
46.205	504	46.230	460
46.255	490	46.280	468
46.306	478	46.332	479
46.356	466	46.382	489
46.407	456	46.433	504
46.458	449	46.483	518
46.509	445	46.534	534
46.559	444	46.585	549
46.610	447	46.636	562
46.660	453	46.686	574
46.712	462	46.737	582
46.762	472	46.787	587
46.813	485	46.838	589
46.863	499	46.889	589
46.914	513	46.940	584
46.964	527	46.990	576
47.016	541	47.041	566
47.066	552	47.091	555
47.117	561	47.143	541
47.167	567	47.193	527
47.218	570	47.244	512
47.269	570	47.294	499
47.320	566	47.345	487
47.370	559	47.396	477
47.421	550	47.447	469
47.471	537	47.497	465
47.523	523	47.548	464
47.573	507	47.598	465
47.624	493	47.649	471
47.674	479	47.700	479
47.725	465	47.751	490
47.775	454	47.801	502
47.827	446	47.852	516
47.877	440	47.902	528
47.928	438	47.954	542
47.978	440	48.004	554
48.029	445	48.055	565
48.080	454	48.105	573
48.131	465	48.156	578
48.181	479	48.207	581
48.232	494	48.258	581
48.282	509	48.308	578
48.334	525	48.359	573
48.384	540	48.409	565
48.435	553	48.460	554
48.485	563	48.511	543
48.536	571	48.562	531
48.586	575	48.612	518
48.638	577	48.663	505
48.688	572	48.713	494
48.739	565	48.765	486
48.789	556	48.815	479
48.840	545	48.866	474
48.891	529	48.916	473
48.942	513	48.967	474
48.992	497	49.018	477
49.043	481	49.069	486
49.093	466	49.119	492
49.145	454	49.170	501
49.195	444	49.220	513
49.246	437	49.272	525
49.296	434	49.322	536
49.347	434	49.373	547
49.397	439	49.423	556
49.449	448	49.474	564
49.499	458	49.524	569
49.550	473	49.576	572
49.600	488	49.626	574
49.651	504	49.677	571
49.702	521	49.727	567
49.753	537	49.778	561
49.803	551	49.829	552
49.854	563	49.880	541
49.904	573	49.930	532
49.956	578	49.981	521
50.006	580	50.031	512
50.057	578	50.083	502
50.107	571	50.133	494
50.158	563	50.184	488
50.208	551	50.234	484
50.260	536	50.285	481
50.310	519	50.335	482
50.361	502	50.387	485
50.411	484	50.437	489
50.462	469	50.488	496
50.513	455	50.538	503
50.564	443	50.589	512
50.614	435	50.640	521
50.665	431	50.691	531
50.715	431	50.741	541
50.767	434	50.792	548
50.817	441	50.842	555
50.868	452	50.894	560
50.918	466	50.944	563
50.969	482	50.995	563
51.019	498	51.045	563
51.071	516	51.096	559
51.121	534	51.146	555
51.172	549	51.198	548
51.222	562	51.248	541
51.273	573	51.299	535
51.325	580	51.349	525
51.375	583	51.400	516
51.426	581	51.451	508
51.476	577	51.502	502
51.527	568	51.552	496
51.578	556	51.603	493
51.629	542	51.653	491
51.679	525	51.705	491
51.730	508	51.755	493
51.780	489	51.806	496
51.832	473	51.856	501
51.882	458	51.907	507
51.933	445	51.957	514
51.983	435	52.009	522
52.034	429	52.059	529
52.084	428	52.110	536
52.136	430	52.160	542
52.186	436	52.211	547
52.237	446	52.262	551
52.287	459	52.313	554
52.338	475	52.363	554
52.389	493	52.414	554
52.440	510	52.464	552
52.490	528	52.516	548
52.541	544	52.566	542
52.591	559	52.617	537
52.643	571	52.667	531
52.693	579	52.718	525
52.744	584	52.768	519
52.794	584	52.820	513
52.845	580	52.870	508
52.895	574	52.921	504
52.947	561	52.971	501
52.997	548	53.022	500
53.048	532	53.073	500
53.098	514	53.124	501
53.149	495	53.174	504
53.200	478	53.225	507
53.251	462	53.275	513
53.301	448	53.327	517
53.352	437	53.377	523
53.402	429	53.428	528
53.454	426	53.478	532
53.504	427	53.529	537
53.555	432	53.579	540
53.605	442	53.631	543
53.656	453	53.681	545
53.706	470	53.732	546
53.758	486	53.782	545
53.808	504	53.833	543
53.859	522	53.884	540
53.909	540	53.935	539
53.960	555	53.985	535
54.011	568	54.036	529
54.062	578	54.086	525
54.112	584	54.138	520
54.163	586	54.188	517
54.213	584	54.239	513
54.265	578	54.289	511
54.315	567	54.340	509
54.366	553	54.390	509
54.416	538	54.442	509
54.467	520	54.493	510
54.517	502	54.543	512
54.569	484	54.594	515
54.619	467	54.644	518
54.670	452	54.696	521
54.720	441	54.746	524
54.771	431	54.797	528
54.822	427	54.847	531
54.873	425	54.898	533
54.923	429	54.949	535
54.974	437	55.000	536
55.024	448	55.050	537
55.076	463	55.101	536
55.126	480	55.151	536
55.177	498	55.203	534
55.227	516	55.253	532
55.278	534	55.304	530
55.328	550	55.354	528
55.380	564	55.405	525
55.430	575	55.455	523
55.481	582	55.507	520
55.531	585	55.557	518
55.582	584	55.608	517
55.633	579	55.658	517
55.684	571	55.709	517
55.734	558	55.760	517
55.785	543	55.811	518
55.835	525	55.861	519
55.887	508	55.912	521
55.937	490	55.962	523
55.988	473	56.014	525
56.038	457	56.064	527
56.089	444	56.115	528
56.139	434	56.165	529
56.191	429	56.216	532
56.241	427	56.266	531
56.292	429	56.318	531
56.342	435	56.368	531
56.393	446	56.419	530
56.444	458	56.469	529
56.495	475	56.520	527
56.545	491	56.571	526
56.596	511	56.622	524
56.646	527	56.672	523
56.698	544	56.723	521
56.748	559	56.773	520
56.799	571	56.825	520
56.849	579	56.875	517
56.900	583	56.926	517
56.950	584	56.976	520
57.002	580	57.027	521
57.052	574	57.077	522
57.103	562	57.129	524
57.153	548	57.179	526
57.204	532	57.230	527
57.255	512	57.280	529
57.306	496	57.331	530
57.356	478	57.382	532
57.407	464	57.433	533
57.457	450	57.483	532
57.509	439	57.534	532
57.559	432	57.584	531
57.610	429	57.636	531
57.660	429	57.686	528
57.711	434	57.737	526
57.761	443	57.787	524
57.813	454	57.838	522
57.863	470	57.888	521
57.914	486	57.940	518
57.964	504	57.990	517
58.015	521	58.041	515
58.066	537	58.091	515
58.117	552	58.142	515
58.168	565	58.193	516
58.218	574	58.244	517
58.269	580	58.294	520
58.320	582	58.345	521
58.371	579	58.395	524
58.421	573	58.447	527
58.472	564	58.497	530
58.522	552	58.548	532
58.574	537	58.598	535
58.624	521	58.649	537
58.675	502	58.699	537
58.725	486	58.751	538
58.776	469	58.801	538
58.826	456	58.852	539
58.878	445	58.902	536
58.928	436	58.953	534
58.979	432	59.004	530
59.029	431	59.055	527
59.080	435	59.105	524
59.131	442	59.156	520
59.182	451	59.206	516
59.232	465	59.258	513
59.283	480	59.308	511
59.333	497	59.359	509
59.385	514	59.409	510
59.435	531	59.460	508
59.486	546	59.510	509
59.536	559	59.562	511
59.587	569	59.612	514
59.637	576	59.663	517
59.689	578	59.713	521
59.739	578	59.764	526
59.790	573	59.815	530
59.840	565	59.866	533
59.891	553	59.916	538
59.942	541	59.967	541
59.993	525	60.017	543
60.043	508	60.069	545
60.094	492	60.119	545
60.144	477	60.170	544
60.196	463	60.220	544
60.246	451	60.271	540
60.297	442	60.321	537
60.347	437	60.373	532
60.398	435	60.423	527
60.448	438	60.474	522
60.500	443	60.524	517
60.550	451	60.575	512
60.601	463	60.626	508
60.651	477	60.677	505
60.702	492	60.727	502
60.753	508	60.778	501
60.804	524	60.828	502
60.854	538	60.880	503
60.905	551	60.930	505
60.955	562	60.981	509
61.007	570	61.031	513
61.057	574	61.082	519
61.108	574	61.132	524
61.158	571	61.184	530
61.209	565	61.235	537
61.259	554	61.285	541
61.311	543	61.336	546
61.361	528	61.386	549
61.412	514	61.438	551
61.462	498	61.488	552
61.513	484	61.539	551
61.564	470	61.589	549
61.615	458	61.640	545
61.665	449	61.691	538
61.716	442	61.742	535
61.766	440	61.792	528
61.818	440	61.843	521
61.868	445	61.893	515
61.919	453	61.945	509
61.969	462	61.995	504
62.020	474	62.046	500
62.070	488	62.096	496
62.122	503	62.147	495
62.172	517	62.197	495
62.223	531	62.249	497
62.273	544	62.299	500
62.324	555	62.350	505
62.375	563	62.400	510
62.426	568	62.451	517
62.476	570	62.502	524
62.527	568	62.553	531
62.577	563	62.603	539
62.629	554	62.654	544
62.679	544	62.704	550
62.730	532	62.756	554
62.780	518	62.806	557
62.831	504	62.857	558
62.881	490	62.907	557
62.933	477	62.958	554
62.983	465	63.008	550
63.034	456	63.060	544
63.084	449	63.110	537
63.135	445	63.161	530
63.186	445	63.211	525
63.237	448	63.262	516
63.287	453	63.313	508
63.338	462	63.364	501
63.388	472	63.414	496
63.440	485	63.465	491
63.490	498	63.515	490
63.541	512	63.567	488
63.591	526	63.617	491
63.642	538	63.668	494
63.692	547	63.718	499
63.744	555	63.769	506
63.794	561	63.819	513
63.845	564	63.871	521
63.895	563	63.921	530
63.946	560	63.972	540
63.997	553	64.022	546
64.048	545	64.073	552
64.098	534	64.124	558
64.149	522	64.175	561
64.199	509	64.225	563
64.251	494	64.276	562
64.301	483	64.326	560
64.352	472	64.378	556
64.402	463	64.428	550
64.453	456	64.479	542
64.504	452	64.529	535
64.555	451	64.580	525
64.605	452	64.630	516
64.656	457	64.682	507
64.706	463	64.732	500
64.757	472	64.783	493
64.808	483	64.833	488
64.859	496	64.884	485
64.909	507	64.935	484
64.960	520	64.986	485
65.010	531	65.036	488
65.062	541	65.087	494
65.112	549	65.137	500
65.163	554	65.189	509
65.213	557	65.239	518
65.264	558	65.290	529
65.315	555	65.340	537
65.366	550	65.391	546
65.416	543	65.441	554
65.467	534	65.493	560
65.517	524	65.543	565
65.568	512	65.594	567
65.619	501	65.644	567
65.670	490	65.695	566
65.721	479	65.746	561
65.771	471	65.797	555
65.822	464	65.847	547
65.873	459	65.898	540
65.924	457	65.948	528
65.974	458	66.000	519
66.025	461	66.050	507
66.075	466	66.101	499
66.127	474	66.151	492
66.177	482	66.202	485
66.228	493	66.252	481
66.278	503	66.304	479
66.329	514	66.354	480
66.379	525	66.405	483
66.431	534	66.455	488
66.481	542	66.506	495
66.532	547	66.557	504
66.582	550	66.608	513
66.633	551	66.658	525
66.684	550	66.709	535
66.735	546	66.759	545
66.785	540	66.811	554
66.836	532	66.861	561
66.886	524	66.912	567
66.938	514	66.962	571
66.988	504	67.013	572
67.039	495	67.064	570
67.089	485	67.115	566
67.140	477	67.165	560
67.190	471	67.216	552
67.242	465	67.266	541
67.292	464	67.317	532
67.343	464	67.368	522
67.393	466	67.419	511
67.444	470	67.469	500
67.495	476	67.520	492
67.546	483	67.570	484
67.596	492	67.622	479
67.647	502	67.672	476
67.697	510	67.723	476
67.749	519	67.773	478
67.799	527	67.824	483
67.850	534	67.875	490
67.900	539	67.926	499
67.951	543	67.976	509
68.001	544	68.027	521
68.053	543	68.077	532
68.103	541	68.128	543
68.154	536	68.179	552
68.204	530	68.230	562
68.255	523	68.280	568
68.306	515	68.331	573
68.357	507	68.381	575
68.407	498	68.433	573
68.458	490	68.483	571
68.508	485	68.534	565
68.560	478	68.584	557
68.610	474	68.635	547
68.661	471	68.686	537
68.711	471	68.737	524
68.762	472	68.788	513
68.812	475	68.838	502
68.864	480	68.889	492
68.914	486	68.939	483
68.965	492	68.991	478
69.015	500	69.041	474
69.066	508	69.092	473
69.117	516	69.142	475
69.168	522	69.193	479
69.218	527	69.244	485
69.269	532	69.295	494
69.319	536	69.345	504
69.371	536	69.396	516
69.421	536	69.446	528
69.472	534	69.498	539
69.522	531	69.548	550
69.573	526	69.599	561
69.624	521	69.649	569
69.675	515	69.700	574
69.725	508	69.750	577
69.776	501	69.802	577
69.826	495	69.852	575
69.877	489	69.903	569
69.928	485	69.953	562
69.979	482	70.004	553
70.029	480	70.055	541
70.080	478	70.106	529
70.130	479	70.156	518
70.182	481	70.207	505
70.232	485	70.257	494
70.283	489	70.309	485
70.333	495	70.359	478
70.384	499	70.410	472
70.435	506	70.460	471
70.486	512	70.511	471
70.536	517	70.561	475
70.587	521	70.613	481
70.637	526	70.663	489
70.688	529	70.714	500
70.739	530	70.764	511
70.790	529	70.815	524
70.840	528	70.866	536
70.891	526	70.917	548
70.941	522	70.967	558
70.993	518	71.018	567
71.043	513	71.068	573
71.094	508	71.120	577
71.144	503	71.170	578
71.195	498	71.221	577
71.246	495	71.271	573
71.297	490	71.322	566
71.347	488	71.372	557
71.398	485	71.424	546
71.448	486	71.474	534
71.499	487	71.525	521
71.550	488	71.575	509
71.601	491	71.626	497
71.651	493	71.677	486
71.702	498	71.728	479
71.752	501	71.778	473
71.804	506	71.829	470
71.854	510	71.879	470
71.905	513	71.931	472
71.955	517	71.981	478
72.006	520	72.032	485
72.057	520	72.082	495
72.108	521	72.133	507
72.158	522	72.184	519
72.209	520	72.235	532
72.259	518	72.285	544
72.310	516	72.336	555
72.361	514	72.386	566
72.412	510	72.437	572
72.463	507	72.488	577
72.513	504	72.539	580
72.564	500	72.589	579
72.615	497	72.640	575
72.666	495	72.690	569
72.716	493	72.742	560
72.767	493	72.792	550
72.817	494	72.843	538
72.869	494	72.893	526
72.919	495	72.944	513
72.970	497	72.995	500
73.020	499	73.046	491
73.071	502	73.096	480
73.121	504	73.147	474
73.173	507	73.197	471
73.223	509	73.248	470
73.274	511	73.299	472
73.324	513	73.350	475
73.375	514	73.400	482
73.426	515	73.451	492
73.477	513	73.501	503
73.527	514	73.553	515
73.578	513	73.603	527
73.628	513	73.654	539
73.680	510	73.704	551
73.730	508	73.755	562
73.781	506	73.806	570
73.831	504	73.857	575
73.882	503	73.907	579
73.932	501	73.958	579
73.984	500	74.008	576
74.034	500	74.059	571
74.085	499	74.110	564
74.135	499	74.161	554
74.186	500	74.211	543
74.237	500	74.262	530
74.288	502	74.312	518
74.338	504	74.364	505
74.389	505	74.414	494
74.439	507	74.465	484
74.491	508	74.515	478
74.541	509	74.566	473
74.592	510	74.617	470
74.642	510	74.668	469
74.693	510	74.718	475
74.744	510	74.769	479
74.795	509	74.819	489
74.845	508	74.870	499
74.896	507	74.921	510
74.946	506	74.972	523
74.997	505	75.022	535
75.048	502	75.073	547
75.099	502	75.123	557
75.149	502	75.175	566
75.200	501	75.225	573
75.250	502	75.276	576
75.302	501	75.326	578
75.352	501	75.377	576
75.403	502	75.428	572
75.453	503	75.479	567
75.504	504	75.530	557
75.555	506	75.580	546
75.606	507	75.631	534
75.656	508	75.681	522
75.707	509	75.733	510
75.757	510	75.783	499
75.808	511	75.834	489
75.859	511	75.884	480
75.910	511	75.935	475
75.960	511	75.986	470
76.011	509	76.037	470
76.061	508	76.087	473
76.113	505	76.138	479
76.163	505	76.188	486
76.214	503	76.240	496
76.264	501	76.290	507
76.315	501	76.341	518
76.366	500	76.391	530
76.417	498	76.442	542
76.467	497	76.492	553
76.518	499	76.544	562
76.568	498	76.594	569
76.619	499	76.645	574
76.670	501	76.695	575
76.721	501	76.746	575
76.771	504	76.797	573
76.822	507	76.848	567
76.872	508	76.898	559
76.924	511	76.949	549
76.974	513	76.999	538
77.025	514	77.051	527
77.075	516	77.101	516
77.126	517	77.152	503
77.177	516	77.202	493
77.228	515	77.253	485
77.278	514	77.304	478
77.329	512	77.355	474
77.379	509	77.405	474
77.430	507	77.456	475
77.481	504	77.506	479
77.532	501	77.557	484
77.582	499	77.608	493
77.633	497	77.659	503
77.683	495	77.709	514
77.735	494	77.760	526
77.785	493	77.810	537
77.836	493	77.862	548
77.886	494	77.912	558
77.937	495	77.963	565
77.988	497	78.013	570
78.039	500	78.064	574
78.089	503	78.115	574
78.140	506	78.166	572
78.190	509	78.216	567
78.241	512	78.267	561
78.292	515	78.317	552
78.343	517	78.368	542
78.393	519	78.419	531
78.444	520	78.470	520
78.494	519	78.520	508
78.546	519	78.571	498
78.596	517	78.621	490
78.647	517	78.673	483
78.697	514	78.723	478
78.748	510	78.774	475
78.799	507	78.824	477
78.850	503	78.875	480
78.900	500	78.926	483
78.951	496	78.977	492
79.001	493	79.027	501
79.052	491	79.078	510
79.103	489	79.128	522
79.154	488	79.179	533
79.204	488	79.230	543
79.255	490	79.281	552
79.305	492	79.331	561
79.357	495	79.382	566
79.407	499	79.432	570
79.458	502	79.484	571
79.508	506	79.534	568
79.559	510	79.585	566
79.610	514	79.635	561
79.661	517	79.686	555
79.711	521	79.737	546
79.762	522	79.788	533
79.812	524	79.838	524
79.864	525	79.889	513
79.914	524	79.939	503
79.965	522	79.990	495
80.015	520	80.041	487
80.066	517	80.092	482
80.116	512	80.142	479
80.168	508	80.193	479
80.218	503	80.243	480
80.269	498	80.295	485
80.319	494	80.345	491
80.370	490	80.396	498
80.421	487	80.446	506
80.472	485	80.497	518
80.522	484	80.548	528
80.573	484	80.599	538
80.623	485	80.649	547
80.675	488	80.700	555
80.725	491	80.750	561
80.776	496	80.801	565
80.826	500	80.852	568
80.877	505	80.903	568
80.927	510	80.953	565
80.979	515	81.004	560
81.029	519	81.054	554
81.080	523	81.106	545
81.130	526	81.156	537
81.181	527	81.207	527
81.232	528	81.257	518
81.283	528	81.308	508
81.333	527	81.359	500
81.384	524	81.410	492
81.434	519	81.460	487
81.486	516	81.511	483
81.536	510	81.561	482
81.587	504	81.612	483
81.637	498	81.663	486
81.688	494	81.714	491
81.738	489	81.764	498
81.790	485	81.815	505
81.840	482	81.865	515
81.891	480	81.917	525
81.941	480	81.967	534
81.992	482	82.018	543
82.043	484	82.068	550
82.094	487	82.119	556
82.144	492	82.170	561
82.195	497	82.221	563
82.245	503	82.271	564
82.297	509	82.322	563
82.347	515	82.372	559
82.398	520	82.424	554
82.448	525	82.474	547
82.499	528	82.525	539
82.549	531	82.575	530
82.601	532	82.626	521
82.651	533	82.676	513
82.702	530	82.728	505
82.752	527	82.778	497
82.803	523	82.829	492
82.854	519	82.879	488
82.905	512	82.930	486
82.955	505	82.981	486
83.006	500	83.032	488
83.056	494	83.082	492
83.108	488	83.133	497
83.158	483	83.183	503
83.209	480	83.235	512
83.259	478	83.285	521
83.310	477	83.336	529
83.360	478	83.386	538
83.412	480	83.437	544
83.462	484	83.487	551
83.513	488	83.539	556
83.563	495	83.589	559
83.614	501	83.640	560
83.665	507	83.690	559
83.716	514	83.741	557
83.766	520	83.792	553
83.817	526	83.843	547
83.867	530	83.893	538
83.919	533	83.944	532
83.969	535	83.994	525
84.020	536	84.046	517
84.070	533	84.096	509
84.121	530	84.147	502
84.171	526	84.197	497
84.223	521	84.248	493
84.273	515	84.298	491
84.324	509	84.350	490
84.374	501	84.400	491
84.425	494	84.451	494
84.477	489	84.501	498
84.527	482	84.552	504
84.578	478	84.603	511
84.628	476	84.654	519
84.679	475	84.704	527
84.730	475	84.755	533
84.781	477	84.805	540
84.831	480	84.857	546
84.882	486	84.907	550
84.932	491	84.958	554
84.984	499	85.008	556
85.034	505	85.059	556
85.085	514	85.109	554
85.135	519	85.161	551
85.186	525	85.211	546
85.236	530	85.262	541
85.288	535	85.312	535
85.338	537	85.363	527
85.389	538	85.414	520
85.439	537	85.465	513
85.490	534	85.515	508
85.541	530	85.566	502
85.592	524	85.616	498
85.642	518	85.668	495
85.693	511	85.718	494
85.743	501	85.769	495
85.795	496	85.819	497
85.845	489	85.870	500
85.896	483	85.920	505
85.946	478	85.972	510
85.997	474	86.022	517
86.047	472	86.073	523
86.099	472	86.123	529
86.149	474	86.174	535
86.200	477	86.225	541
86.250	482	86.276	545
86.301	488	86.326	549
86.352	495	86.377	551
86.403	502	86.427	551
86.453	510	86.479	550
86.504	517	86.529	548
86.554	524	86.580	545
86.606	531	86.630	540
86.656	535	86.681	536
86.707	538	86.731	530
86.757	540	86.783	524
86.808	540	86.833	517
86.858	537	86.884	512
86.910	533	86.934	508
86.960	528	86.985	503
87.011	521	87.036	501
87.061	514	87.087	499
87.112	507	87.137	499
87.163	498	87.188	500
87.214	490	87.238	503
87.264	483	87.290	505
87.315	478	87.340	511
87.365	474	87.391	515
87.417	471	87.441	522
87.467	471	87.492	527
87.518	471	87.542	532
87.568	474	87.594	536
87.619	479	87.645	540
87.669	485	87.695	544
87.721	493	87.746	546
87.771	501	87.796	547
87.822	508	87.848	546
87.872	514	87.898	545
87.923	524	87.949	542
87.974	528	87.999	539
88.025	535	88.050	536
88.075	539	88.101	530
88.126	540	88.152	526
88.176	541	88.202	522
88.228	539	88.253	518
88.278	535	88.303	511
88.329	530	88.355	509
88.379	524	88.405	506
88.430	517	88.456	504
88.480	509	88.506	504
88.532	501	88.557	505
88.582	492	88.607	506
88.633	484	88.659	509
88.683	479	88.709	512
88.734	474	88.760	515
88.785	471	88.810	519
88.836	470	88.861	524
88.886	469	88.912	529
88.937	472	88.963	532
88.987	476	89.013	537
89.039	481	89.064	539
89.089	489	89.114	540
89.140	496	89.166	542
89.190	503	89.216	542
89.241	514	89.267	541
89.291	522	89.317	539
89.343	527	89.368	537
89.393	533	89.418	534
89.444	539	89.470	530
89.494	540	89.520	526
89.545	542	89.571	523
89.596	542	89.621	519
89.647	538	89.672	516
89.697	533	89.723	513
89.748	527	89.774	511
89.798	520	89.824	509
89.850	512	89.875	509
89.900	503	89.925	509
89.951	495	89.977	510
90.001	487	90.027	512
90.052	481	90.078	514
90.102	475	90.128	517
90.154	470	90.179	521
90.204	469	90.229	523
90.255	469	90.281	526
90.305	471	90.331	529
90.356	474	90.382	531
90.407	480	90.432	534
90.458	486	90.483	535
90.508	495	90.534	537
90.559	502	90.585	537
90.609	511	90.635	536
90.661	519	90.686	536
90.711	527	90.736	534
90.762	533	90.788	532
90.812	537	90.838	529
90.863	541	90.889	527
90.913	542	90.939	524
90.965	542	90.990	521
91.015	539	91.040	519
91.066	536	91.092	517
91.116	529	91.142	514
91.167	522	91.193	515
91.218	514	91.243	514
91.269	506	91.294	514
91.320	499	91.345	514
91.370	489	91.396	514
91.421	483	91.446	517
91.472	476	91.497	518
91.523	473	91.547	520
91.573	468	91.599	523
91.624	468	91.649	525
91.674	469	91.700	527
91.726	472	91.750	529
91.776	477	91.801	529
91.827	483	91.851	533
91.877	491	91.903	532
91.928	498	91.953	532
91.978	507	92.004	532
92.030	515	92.054	531
92.080	523	92.105	531
92.131	529	92.156	529
92.181	535	92.207	528
92.232	540	92.257	527
92.283	542	92.308	525
92.334	542	92.358	523
92.384	540	92.410	521
92.435	536	92.460	520
92.485	532	92.511	519
92.537	525	92.561	519
92.587	518	92.612	519
92.638	510	92.662	519
92.688	501	92.714	518
92.739	494	92.764	519
92.789	486	92.815	519
92.841	480	92.865	521
92.891	474	92.916	522
92.942	471	92.967	523
92.992	469	93.018	524
93.043	469	93.068	525
93.094	472	93.119	526
93.145	476	93.169	526
93.195	482	93.221	528
93.246	488	93.271	527
93.296	496	93.322	527
93.348	504	93.372	528
93.398	512	93.423	527
93.449	520	93.473	527
93.499	528	93.525	526
93.550	534	93.575	526
93.600	537	93.626	526
93.652	542	93.676	524
93.702	541	93.727	526
93.753	540	93.778	524
93.803	537	93.829	523
93.854	534	93.879	524
93.905	527	93.930	523
93.956	520	93.980	524
94.006	512	94.032	522
94.057	504	94.082	523
94.107	495	94.133	523
94.159	489	94.183	523
94.209	482	94.234	523
94.260	478	94.284	524
94.310	473	94.336	524
94.361	472	94.387	524
94.411	471	94.437	524
94.463	472	94.488	524
94.513	475	94.538	524
94.564	481	94.590	525
94.614	486	94.640	524
94.665	494	94.691	524
94.716	501	94.741	525
94.767	510	94.792	523
94.817	517	94.843	524
94.868	524	94.894	523
94.918	530	94.944	524
94.970	535	94.995	523
95.020	536	95.045	524
95.071	540	95.097	524
95.121	540	95.147	525
95.172	537	95.198	525
95.222	533	95.248	526
95.274	528	95.299	526
95.324	522	95.349	525
95.375	514	95.401	526
95.425	507	95.451	526
95.476	499	95.502	526
95.527	492	95.552	526
95.578	484	95.603	526
95.628	478	95.654	526
95.679	476	95.705	525
95.729	473	95.755	524
95.781	472	95.806	523
95.831	473	95.856	522
95.882	476	95.908	522
95.932	479	95.958	521
95.983	485	96.009	520
96.033	492	96.059	520
96.085	498	96.110	519
96.135	506	96.160	521
96.186	515	96.212	520
96.236	522	96.262	521
96.287	528	96.313	522
96.338	533	96.363	522
96.389	535	96.414	523
96.439	538	96.465	524
96.490	539	96.516	525
96.540	536	96.566	526
96.592	533	96.617	527
96.642	529	96.667	528
96.693	523	96.719	529
96.743	516	96.769	530
96.794	509	96.820	530
96.844	502	96.870	530
96.896	495	96.921	529
96.946	488	96.971	528
96.997	483	97.023	527
97.047	478	97.073	526
97.098	475	97.124	525
97.149	473	97.174	523
97.200	473	97.225	522
97.250	476	97.276	520
97.301	479	97.327	519
97.351	483	97.377	518
97.403	491	97.428	518
97.453	497	97.478	516
97.504	504	97.530	516
97.554	511	97.580	516
97.605	518	97.631	519
97.656	524	97.681	519
97.707	529	97.732	521
97.757	533	97.782	522
97.808	535	97.834	523
97.858	535	97.884	525
97.909	535	97.935	528
97.960	532	97.985	529
98.011	529	98.036	531
98.061	524	98.087	531
98.112	518	98.138	533
98.162	511	98.188	532
98.214	504	98.239	531
98.264	497	98.289	531
98.315	492	98.341	530
98.365	485	98.391	529
98.416	481	98.442	527
98.467	476	98.492	525
98.518	476	98.543	523
98.568	476	98.593	522
98.619	477	98.645	520
98.669	480	98.695	518
98.720	484	98.746	516
