#Creator: pendulumviewEventBuffer
#Creation time: Fri Mar 15 09:51:11 2024
#Time A	Pos A	Time B	Pos B
#[s]	[au]	[s]	[au]
0.025	496	0.050	311
0.076	498	0.100	311
0.126	499	0.152	314
0.177	500	0.202	322
0.227	500	0.253	341
0.279	499	0.303	370
0.329	500	0.354	407
0.380	501	0.405	450
0.430	501	0.456	496
0.481	501	0.506	543
0.532	502	0.557	590
0.583	502	0.608	632
0.633	504	0.658	667
0.684	505	0.710	697
0.734	507	0.760	717
0.785	508	0.811	724
0.836	509	0.861	723
0.887	512	0.912	712
0.937	514	0.963	691
0.988	516	1.014	662
1.038	518	1.064	625
1.090	519	1.115	583
1.140	519	1.165	536
1.191	519	1.217	489
1.241	519	1.267	444
1.292	517	1.318	402
1.343	514	1.368	368
1.394	511	1.419	341
1.444	506	1.469	323
1.495	502	1.521	317
1.545	498	1.571	322
1.596	493	1.622	335
1.647	488	1.672	361
1.698	485	1.723	393
1.748	481	1.774	433
1.799	480	1.825	477
1.849	479	1.875	523
1.901	479	1.926	569
1.951	481	1.976	612
2.002	484	2.028	649
2.052	489	2.078	681
2.103	494	2.129	704
2.154	501	2.179	718
2.205	507	2.230	719
2.255	516	2.281	713
2.306	522	2.332	696
2.356	529	2.382	672
2.407	533	2.433	638
2.458	539	2.483	600
2.509	541	2.534	556
2.559	542	2.585	511
2.610	541	2.636	466
2.660	538	2.686	425
2.712	533	2.737	388
2.762	527	2.787	357
2.813	519	2.839	337
2.863	509	2.889	325
2.914	500	2.940	325
2.965	490	2.990	334
3.016	480	3.041	353
3.066	472	3.092	382
3.117	467	3.143	417
3.167	461	3.193	458
3.218	458	3.244	502
3.269	457	3.294	546
3.320	459	3.345	589
3.370	464	3.396	629
3.421	470	3.447	661
3.471	479	3.497	688
3.523	489	3.548	705
3.573	501	3.598	711
3.624	513	3.650	709
3.674	525	3.700	698
3.725	535	3.751	677
3.776	546	3.801	650
3.827	554	3.852	614
3.877	560	3.903	574
3.928	563	3.954	532
3.978	563	4.004	488
4.029	560	4.055	446
4.080	553	4.105	409
4.131	545	4.156	376
4.181	534	4.207	351
4.232	520	4.258	336
4.282	506	4.308	332
4.334	492	4.359	336
4.384	477	4.409	351
4.435	464	4.461	374
4.485	453	4.511	405
4.536	444	4.562	442
4.587	438	4.612	483
4.638	436	4.663	526
4.688	438	4.714	567
4.739	442	4.765	606
4.789	450	4.815	641
4.841	461	4.866	669
4.891	475	4.916	689
4.942	491	4.967	700
4.992	507	5.018	701
5.043	524	5.069	695
5.093	540	5.119	679
5.145	554	5.170	655
5.195	567	5.220	624
5.246	577	5.272	588
5.296	583	5.322	550
5.347	584	5.373	508
5.398	581	5.423	467
5.449	576	5.474	430
5.499	565	5.525	396
5.550	550	5.576	370
5.600	534	5.626	351
5.652	516	5.677	343
5.702	497	5.727	343
5.753	479	5.778	353
5.803	460	5.829	372
5.854	444	5.880	398
5.904	432	5.930	430
5.956	423	5.981	467
6.006	417	6.031	506
6.057	416	6.083	547
6.107	420	6.133	584
6.158	429	6.184	619
6.209	442	6.234	648
6.260	458	6.285	670
6.310	477	6.336	684
6.361	497	6.387	690
6.411	519	6.437	687
6.463	540	6.488	676
6.513	559	6.538	658
6.564	576	6.589	632
6.614	590	6.640	600
6.665	598	6.691	565
6.715	603	6.741	527
6.767	602	6.792	488
6.817	596	6.842	452
6.868	585	6.894	418
6.918	570	6.944	390
6.969	552	6.995	370
7.020	530	7.045	358
7.071	507	7.096	355
7.121	483	7.147	359
7.172	460	7.198	373
7.222	440	7.248	394
7.274	421	7.299	422
7.324	410	7.349	455
7.375	401	7.401	490
7.425	398	7.451	527
7.476	399	7.502	563
7.526	408	7.552	598
7.578	421	7.603	627
7.628	439	7.653	651
7.679	460	7.705	666
7.729	484	7.755	676
7.780	510	7.806	678
7.831	535	7.856	670
7.882	559	7.907	655
7.932	581	7.958	635
7.983	597	8.009	608
8.033	611	8.059	576
8.085	619	8.110	542
8.135	620	8.160	506
8.186	616	8.212	472
8.236	606	8.262	441
8.287	589	8.313	411
8.337	570	8.363	391
8.389	546	8.414	376
8.439	519	8.464	370
8.490	492	8.516	370
8.540	465	8.566	380
8.591	440	8.617	396
8.642	417	8.667	419
8.693	401	8.718	447
8.743	388	8.769	478
8.794	382	8.820	512
8.844	381	8.870	545
8.896	389	8.921	576
8.946	401	8.971	605
8.997	419	9.023	629
9.047	442	9.073	648
9.098	469	9.124	658
9.148	497	9.174	663
9.200	526	9.225	660
9.250	555	9.275	650
9.301	581	9.327	634
9.351	603	9.377	611
9.402	620	9.428	585
9.454	631	9.478	555
9.504	636	9.529	523
9.555	634	9.580	491
9.605	625	9.631	462
9.656	610	9.681	436
9.707	589	9.732	413
9.758	564	9.782	399
9.808	535	9.834	388
9.859	504	9.884	385
9.909	474	9.935	390
9.961	444	9.985	402
10.011	417	10.036	420
10.062	396	10.086	443
10.112	380	10.138	469
10.163	369	10.188	498
10.213	366	10.239	527
10.265	371	10.289	557
10.315	382	10.340	584
10.366	400	10.391	607
10.416	423	10.442	626
10.467	451	10.492	638
10.518	482	10.543	644
10.569	514	10.593	646
10.619	546	10.645	639
10.670	576	10.695	628
10.720	603	10.746	610
10.772	624	10.796	589
10.822	640	10.847	563
10.873	647	10.897	536
10.923	650	10.949	509
10.974	642	10.999	481
11.024	629	11.050	457
11.076	608	11.100	434
11.126	583	11.151	420
11.177	553	11.202	406
11.227	520	11.253	403
11.278	486	11.303	404
11.329	453	11.354	412
11.380	422	11.404	425
11.430	396	11.456	443
11.481	375	11.506	465
11.531	362	11.557	489
11.583	354	11.607	515
11.633	355	11.658	540
11.684	365	11.708	564
11.734	381	11.760	587
11.785	404	11.810	604
11.835	433	11.861	618
11.887	465	11.911	625
11.937	499	11.962	630
11.988	534	12.013	626
12.038	568	12.064	618
12.089	598	12.114	605
12.140	625	12.165	588
12.191	644	12.215	568
12.241	655	12.267	545
12.292	661	12.317	522
12.342	656	12.368	498
12.394	647	12.418	477
12.444	627	12.469	457
12.495	601	12.519	441
12.545	571	12.571	428
12.596	537	12.622	423
12.646	501	12.672	420
12.698	465	12.723	426
12.748	431	12.773	434
12.799	400	12.825	448
12.849	374	12.875	465
12.900	357	12.926	484
12.951	347	12.976	505
13.002	345	13.027	527
13.052	350	13.078	548
13.103	365	13.129	567
13.153	386	13.179	583
13.205	413	13.230	596
13.255	446	13.280	606
13.306	483	13.332	610
13.356	519	13.382	610
13.407	556	13.433	604
13.457	590	13.483	597
13.509	620	13.534	584
13.559	643	13.584	569
13.610	660	13.636	551
13.660	669	13.686	532
13.711	667	13.737	511
13.762	661	13.787	494
13.813	643	13.838	477
13.863	619	13.889	463
13.914	589	13.940	451
13.964	555	13.990	445
14.016	517	14.041	441
14.066	479	14.091	442
14.117	442	14.143	448
14.167	408	14.193	456
14.218	380	14.244	469
14.268	357	14.294	484
14.320	343	14.345	501
14.370	338	14.395	517
14.421	338	14.447	534
14.471	350	14.497	550
14.522	369	14.548	565
14.573	396	14.598	577
14.624	429	14.649	585
14.674	465	14.700	591
14.725	503	14.751	592
14.775	541	14.801	590
14.827	578	14.852	585
14.877	611	14.902	576
14.928	639	14.954	566
14.978	660	15.004	552
15.029	673	15.055	538
15.079	675	15.105	523
15.131	671	15.156	509
15.181	657	15.206	495
15.232	636	15.258	483
15.282	607	15.308	473
15.333	573	15.359	466
15.384	535	15.409	462
15.435	496	15.460	463
15.485	457	15.511	464
15.536	420	15.562	470
15.586	388	15.612	477
15.638	361	15.663	487
15.688	343	15.713	498
15.739	334	15.765	511
15.789	332	15.815	524
15.840	339	15.866	536
15.890	355	15.916	547
15.942	380	15.967	556
15.992	410	16.017	564
16.043	447	16.069	570
16.093	485	16.119	572
16.144	525	16.170	572
16.195	564	16.220	570
16.246	600	16.271	565
16.297	631	16.322	558
16.347	656	16.373	550
16.398	672	16.423	540
16.449	679	16.474	530
16.500	678	16.524	520
16.550	668	16.576	510
16.601	649	16.626	501
16.651	623	16.677	494
16.703	590	16.727	487
16.753	553	16.778	484
16.804	513	16.828	483
16.854	473	16.880	482
16.905	434	16.930	484
16.955	399	16.981	489
17.007	370	17.031	494
17.057	347	17.082	501
17.108	334	17.133	509
17.158	328	17.184	517
17.209	333	17.234	525
17.260	345	17.285	532
17.311	366	17.335	539
17.361	394	17.387	544
17.412	429	17.437	547
17.462	467	17.488	552
17.514	507	17.538	552
17.564	549	17.589	553
17.615	585	17.639	551
17.665	620	17.691	547
17.716	649	17.741	543
17.766	668	17.792	539
17.818	680	17.842	533
17.868	682	17.893	527
17.919	675	17.944	522
17.969	661	17.995	517
18.020	636	18.045	512
18.071	606	18.096	508
18.122	570	18.146	505
18.172	531	18.198	504
18.223	490	18.248	502
18.273	451	18.299	501
18.325	414	18.349	504
18.375	381	18.400	506
18.426	355	18.450	508
18.476	337	18.502	511
18.527	329	18.552	515
18.577	328	18.603	518
18.629	337	18.653	521
18.679	355	18.704	525
18.730	381	18.755	527
18.780	412	18.806	529
18.831	450	18.856	531
18.882	490	18.907	532
18.933	530	18.957	532
18.983	569	19.009	533
19.034	605	19.059	534
19.084	636	19.110	533
19.136	660	19.160	532
19.186	675	19.211	532
19.237	681	19.261	530
19.287	678	19.313	529
19.338	666	19.364	528
19.388	647	19.414	527
19.440	619	19.465	526
19.490	586	19.515	524
19.541	548	19.567	524
19.591	508	19.617	523
19.642	468	19.668	521
19.693	430	19.718	520
19.744	395	19.769	519
19.794	367	19.820	518
19.845	346	19.871	517
19.895	333	19.921	516
19.947	329	19.972	515
19.997	334	20.022	514
20.048	348	20.074	513
20.098	371	20.124	513
20.149	401	20.175	512
20.199	436	20.225	513
20.251	473	20.276	513
20.301	512	20.326	515
20.352	552	20.378	516
20.402	589	20.428	518
20.453	622	20.479	521
20.504	648	20.529	524
20.555	666	20.580	527
20.605	676	20.631	530
20.656	678	20.682	533
20.706	670	20.732	536
20.758	654	20.783	538
20.808	630	20.833	540
20.859	599	20.885	541
20.909	564	20.935	541
20.960	525	20.986	542
21.010	486	21.036	540
21.062	447	21.087	537
21.112	412	21.137	535
21.163	381	21.189	530
21.213	357	21.239	525
21.264	342	21.290	520
21.315	334	21.340	515
21.366	335	21.391	510
21.416	345	21.442	505
21.467	363	21.493	500
21.517	389	21.543	498
21.569	422	21.594	496
21.619	456	21.644	495
21.670	495	21.696	496
21.720	534	21.746	499
21.771	572	21.797	502
21.821	605	21.847	506
21.873	634	21.898	512
21.923	655	21.948	519
21.974	668	22.000	528
22.024	674	22.050	534
22.075	669	22.101	540
22.126	657	22.151	547
22.177	637	22.202	552
22.227	610	22.253	556
22.278	577	22.304	558
22.328	541	22.354	559
22.380	503	22.405	557
22.430	465	22.455	555
22.481	429	22.507	551
22.531	397	22.557	544
22.582	371	22.608	537
22.633	352	22.658	528
22.684	342	22.709	519
22.734	339	22.759	510
22.785	346	22.811	501
22.835	360	22.861	493
22.886	382	22.912	487
22.937	410	22.962	482
22.988	443	23.013	479
23.038	480	23.064	477
23.089	517	23.115	480
23.139	554	23.165	484
23.191	588	23.216	491
23.241	617	23.266	499
23.292	641	23.318	508
23.342	657	23.368	519
23.393	665	23.419	530
23.444	665	23.469	541
23.495	658	23.520	551
23.545	641	23.570	561
23.596	616	23.622	568
23.646	588	23.672	573
23.697	555	23.723	575
23.748	519	23.773	575
23.799	482	23.824	573
23.850	447	23.875	567
23.900	415	23.926	558
23.951	387	23.976	551
24.002	366	24.027	537
24.053	353	24.077	525
24.103	347	24.129	512
24.154	350	24.179	499
24.204	360	24.230	487
24.256	377	24.280	478
24.306	403	24.331	469
24.357	432	24.381	464
24.407	466	24.433	462
24.458	501	24.483	463
24.508	536	24.534	467
24.560	570	24.584	474
24.610	601	24.635	483
24.661	625	24.686	494
24.711	643	24.737	509
24.762	654	24.787	524
24.813	657	24.838	539
24.864	653	24.888	553
24.914	639	24.940	566
24.965	622	24.990	577
25.015	595	25.041	585
25.067	566	25.091	590
25.117	533	25.142	591
25.168	498	25.193	590
25.218	465	25.244	585
25.269	433	25.294	575
25.319	404	25.345	563
25.371	382	25.395	551
25.421	367	25.446	534
25.472	359	25.497	518
25.522	357	25.548	502
25.573	364	25.598	486
25.624	378	25.649	472
25.675	397	25.699	460
25.725	424	25.751	452
25.776	455	25.801	447
25.826	487	25.852	447
25.878	520	25.902	451
25.928	552	25.953	458
25.979	582	26.004	467
26.029	607	26.055	481
26.080	627	26.105	497
26.130	640	26.156	515
26.182	647	26.206	533
26.232	645	26.257	551
26.283	637	26.308	568
26.333	623	26.359	582
26.384	601	26.409	594
26.435	574	26.460	602
26.486	545	26.510	605
26.536	513	26.562	605
26.587	481	26.612	600
26.637	450	26.663	590
26.689	423	26.713	578
26.739	400	26.764	564
26.790	383	26.815	546
26.840	372	26.866	527
26.891	368	26.917	507
26.941	372	26.967	488
26.993	382	27.018	470
27.043	397	27.068	455
27.094	418	27.120	444
27.144	446	27.170	436
27.195	475	27.221	432
27.246	505	27.271	434
27.297	536	27.322	440
27.347	564	27.373	451
27.398	589	27.424	467
27.448	609	27.474	483
27.500	624	27.525	504
27.550	633	27.575	526
27.601	635	27.627	546
27.651	629	27.677	566
27.702	618	27.728	584
27.753	601	27.778	599
27.804	578	27.829	610
27.854	554	27.879	617
27.905	525	27.931	619
27.955	496	27.981	616
28.006	467	28.032	608
28.057	441	28.082	596
28.108	418	28.133	578
28.158	401	28.184	559
28.209	388	28.235	538
28.259	382	28.285	516
28.311	381	28.336	493
28.361	388	28.386	471
28.412	400	28.438	453
28.462	418	28.488	437
28.513	441	28.539	427
28.564	466	28.589	420
28.615	493	28.640	420
28.665	520	28.690	425
28.716	547	28.742	435
28.766	571	28.792	449
28.817	591	28.843	468
28.868	606	28.893	490
28.919	616	28.944	515
28.969	620	28.995	538
29.020	618	29.046	561
29.070	612	29.096	583
29.122	599	29.147	601
29.172	579	29.197	616
29.223	558	29.249	626
29.273	533	29.299	630
29.324	508	29.350	629
29.375	482	29.400	622
29.426	458	29.451	611
29.476	437	29.501	595
29.527	418	29.553	574
29.577	406	29.603	551
29.628	398	29.654	526
29.679	395	29.704	501
29.730	399	29.755	476
29.780	408	29.806	454
29.831	422	29.857	435
29.881	439	29.907	421
29.933	461	29.958	412
29.983	484	30.008	408
30.034	508	30.060	412
30.084	532	30.110	420
30.135	553	30.161	434
30.186	572	30.211	454
30.237	588	30.262	476
30.287	598	30.313	501
30.338	605	30.364	527
30.388	605	30.414	553
30.439	600	30.465	578
30.490	591	30.515	600
30.541	577	30.566	618
30.592	559	30.617	631
30.642	539	30.668	638
30.693	517	30.718	640
30.744	495	30.769	634
30.795	474	30.819	625
30.845	454	30.871	609
30.896	437	30.921	588
30.946	424	30.972	565
30.998	415	31.022	539
31.048	412	31.073	511
31.099	413	31.124	484
31.149	417	31.175	459
31.200	428	31.225	436
31.250	441	31.276	419
31.302	459	31.326	407
31.352	477	31.377	400
31.403	498	31.428	401
31.453	519	31.479	407
31.504	538	31.529	420
31.555	555	31.580	439
31.606	570	31.630	460
31.656	581	31.682	487
31.707	588	31.732	515
31.757	590	31.783	543
31.809	588	31.833	570
31.859	581	31.884	596
31.910	572	31.935	617
31.960	557	31.986	633
32.011	541	32.036	643
32.061	524	32.087	647
32.113	505	32.137	646
32.163	486	32.188	637
32.214	470	32.239	623
32.264	454	32.290	604
32.315	442	32.340	580
32.366	433	32.391	551
32.417	428	32.441	524
32.467	427	32.493	494
32.518	430	32.543	466
32.568	438	32.594	441
32.620	448	32.644	420
32.670	460	32.695	405
32.721	476	32.746	395
32.771	491	32.797	392
32.822	509	32.847	396
32.873	525	32.898	407
32.924	539	32.948	424
32.974	552	32.999	447
33.025	562	33.050	472
33.075	569	33.101	502
33.126	573	33.151	531
33.177	572	33.202	561
33.228	569	33.252	588
33.278	562	33.304	612
33.329	551	33.354	631
33.379	540	33.405	645
33.431	526	33.455	652
33.481	512	33.506	653
33.532	497	33.557	646
33.582	483	33.608	636
33.633	470	33.659	617
33.684	460	33.709	592
33.735	452	33.760	567
33.785	446	33.810	537
33.836	444	33.862	506
33.886	445	33.912	476
33.937	449	33.963	448
33.988	457	34.013	425
34.039	465	34.064	406
34.089	476	34.115	393
34.140	489	34.166	387
34.190	501	34.216	389
34.242	514	34.267	395
34.292	526	34.317	412
34.343	536	34.369	432
34.393	544	34.419	458
34.444	551	34.470	486
34.495	555	34.520	517
34.546	556	34.571	548
34.596	554	34.621	578
34.647	550	34.673	605
34.697	543	34.723	627
34.748	535	34.774	644
34.799	526	34.824	654
34.850	516	34.875	658
34.900	504	34.926	655
34.951	494	34.977	645
35.001	484	35.027	628
35.053	476	35.078	606
35.103	470	35.128	582
35.154	465	35.180	551
35.204	462	35.230	519
35.255	462	35.281	488
35.306	464	35.331	459
35.357	468	35.382	432
35.407	474	35.433	410
35.458	481	35.484	396
35.508	489	35.534	386
35.559	498	35.585	384
35.610	506	35.635	389
35.661	514	35.686	402
35.711	522	35.737	420
35.762	528	35.788	445
35.812	533	35.838	472
35.864	536	35.889	504
35.914	538	35.939	535
35.965	537	35.991	566
36.015	535	36.041	595
36.066	532	36.092	619
36.117	527	36.142	639
36.168	521	36.193	651
36.218	515	36.244	659
36.269	508	36.295	660
36.319	502	36.345	652
36.370	495	36.396	638
36.421	490	36.446	618
36.472	486	36.497	593
36.522	482	36.548	565
36.573	480	36.599	533
36.623	480	36.649	502
36.675	480	36.700	471
36.725	482	36.750	443
36.776	485	36.802	418
36.826	488	36.852	400
36.877	492	36.903	388
36.928	498	36.953	382
36.979	502	37.004	385
37.029	507	37.055	395
37.080	511	37.106	411
37.130	514	37.156	431
37.181	517	37.207	460
37.232	519	37.257	489
37.283	520	37.308	521
37.333	520	37.359	553
37.384	519	37.410	583
37.434	519	37.460	609
37.486	516	37.511	632
37.536	515	37.561	648
37.587	511	37.613	657
37.637	509	37.663	660
37.688	506	37.714	656
37.739	503	37.764	645
37.790	501	37.815	628
37.840	500	37.866	606
37.891	499	37.917	577
37.941	498	37.967	547
37.993	497	38.018	516
38.043	497	38.068	484
38.094	497	38.119	455
38.144	498	38.170	428
38.195	498	38.221	407
38.245	500	38.271	392
38.297	499	38.322	385
38.347	501	38.372	383
38.398	502	38.424	390
38.448	503	38.474	403
38.499	503	38.525	423
38.550	503	38.575	447
38.601	502	38.626	478
38.651	503	38.677	507
38.702	503	38.728	539
38.752	502	38.778	569
38.804	503	38.829	597
38.854	502	38.879	621
38.905	504	38.930	640
38.955	504	38.981	652
39.006	505	39.032	657
39.056	506	39.082	657
39.108	507	39.133	649
39.158	509	39.183	635
39.209	511	39.235	615
39.259	511	39.285	588
39.310	512	39.336	561
39.361	513	39.386	529
39.412	513	39.437	498
39.462	513	39.488	468
39.513	512	39.539	440
39.563	510	39.589	417
39.615	508	39.640	400
39.665	506	39.690	390
39.716	503	39.741	385
39.766	500	39.792	388
39.817	498	39.843	399
39.867	495	39.893	415
39.919	492	39.944	438
39.969	490	39.994	465
40.020	488	40.046	492
40.070	488	40.096	525
40.121	487	40.147	555
40.172	489	40.197	584
40.223	492	40.248	610
40.273	491	40.299	630
40.324	497	40.350	645
40.374	500	40.400	653
40.426	506	40.451	655
40.476	509	40.501	650
40.527	514	40.553	637
40.577	519	40.603	621
40.628	522	40.654	599
40.678	525	40.704	572
40.730	527	40.755	542
40.780	528	40.805	512
40.831	527	40.857	481
40.881	526	40.907	454
40.932	522	40.958	429
40.983	519	41.008	410
41.034	513	41.059	398
41.084	507	41.110	390
41.135	502	41.161	390
41.185	495	41.211	396
41.237	489	41.262	411
41.287	484	41.312	430
41.338	478	41.364	454
41.388	475	41.414	483
41.439	474	41.465	512
41.489	472	41.515	542
41.541	475	41.566	570
41.591	478	41.616	596
41.642	481	41.668	618
41.692	488	41.718	635
41.743	493	41.769	645
41.794	503	41.819	650
41.845	510	41.870	648
41.895	517	41.921	639
41.946	525	41.972	625
41.996	531	42.022	605
42.048	537	42.073	580
42.098	540	42.123	553
42.149	542	42.175	525
42.199	541	42.225	494
42.250	539	42.276	467
42.300	535	42.326	443
42.352	529	42.377	422
42.402	523	42.427	407
42.453	514	42.479	397
42.503	505	42.529	395
42.554	495	42.580	398
42.605	486	42.630	409
42.656	478	42.681	425
42.706	471	42.732	447
42.757	465	42.783	472
42.807	461	42.833	499
42.859	460	42.884	527
42.909	460	42.934	556
42.960	464	42.986	582
43.010	469	43.036	605
43.061	477	43.087	623
43.111	485	43.137	635
43.163	495	43.188	643
43.214	507	43.238	643
43.264	517	43.290	639
43.315	527	43.340	626
43.365	537	43.391	610
43.417	545	43.441	587
43.467	551	43.492	564
43.518	552	43.543	536
43.568	555	43.594	509
43.619	553	43.644	481
43.670	549	43.695	457
43.721	543	43.745	435
43.771	532	43.797	418
43.822	524	43.847	408
43.872	511	43.898	402
43.924	498	43.948	403
43.974	486	43.999	411
44.025	474	44.049	423
44.075	464	44.101	441
44.126	456	44.151	464
44.176	450	44.202	488
44.228	447	44.252	516
44.278	447	44.303	542
44.329	450	44.354	568
44.379	456	44.405	591
44.430	464	44.455	610
44.481	475	44.506	623
44.532	487	44.556	633
44.582	500	44.608	636
44.633	514	44.658	633
44.683	527	44.709	624
44.735	540	44.759	611
44.785	551	44.810	593
44.836	559	44.860	570
44.886	565	44.912	545
44.937	567	44.962	520
44.987	566	45.013	495
45.039	562	45.063	471
45.089	556	45.114	450
45.140	546	45.165	432
45.190	534	45.216	419
45.241	518	45.266	411
45.292	505	45.317	410
45.343	489	45.367	415
45.393	474	45.419	424
45.444	461	45.469	439
45.494	450	45.520	459
45.546	442	45.570	481
45.596	436	45.621	505
45.647	434	45.671	530
45.697	436	45.723	554
45.748	442	45.773	576
45.798	449	45.824	596
45.850	464	45.874	611
45.900	476	45.925	621
45.951	492	45.976	626
46.001	509	46.027	627
46.052	525	46.077	621
46.103	540	46.128	610
46.154	554	46.179	593
46.204	565	46.230	576
46.255	573	46.281	554
46.305	578	46.331	531
46.357	578	46.382	508
46.407	575	46.432	485
46.458	569	46.484	464
46.508	557	46.534	446
46.559	545	46.585	433
46.609	527	46.635	424
46.661	511	46.686	418
46.711	494	46.736	421
46.762	476	46.788	428
46.812	460	46.838	439
46.863	444	46.889	457
46.914	435	46.939	476
46.965	428	46.990	496
47.015	424	47.041	520
47.066	425	47.092	542
47.116	430	47.142	565
47.168	438	47.193	582
47.218	451	47.243	598
47.269	465	47.295	609
47.319	484	47.345	615
47.370	501	47.396	618
47.420	520	47.446	614
47.472	538	47.497	606
47.522	554	47.547	596
47.573	569	47.599	579
47.623	579	47.649	561
47.674	586	47.700	540
47.725	588	47.750	519
47.776	587	47.801	497
47.826	581	47.852	478
47.877	569	47.903	461
47.927	557	47.953	447
47.979	540	48.004	437
48.029	521	48.054	431
48.080	501	48.106	430
48.130	481	48.156	435
48.181	463	48.207	444
48.231	446	48.257	456
48.283	432	48.308	473
48.333	422	48.358	491
48.384	416	48.410	509
48.434	415	48.460	531
48.485	418	48.511	550
48.536	426	48.561	569
48.587	438	48.612	583
48.637	454	48.663	595
48.688	471	48.714	602
48.738	492	48.764	606
48.790	513	48.815	606
48.840	534	48.865	601
48.891	553	48.917	591
48.941	570	48.967	579
48.992	583	49.018	563
49.042	592	49.068	545
49.094	597	49.119	527
49.144	597	49.169	509
49.195	592	49.221	491
49.245	582	49.271	474
49.296	569	49.322	461
49.347	552	49.372	451
49.398	531	49.423	445
49.449	510	49.474	442
49.499	489	49.525	444
49.550	467	49.575	449
49.601	448	49.626	461
49.652	431	49.676	472
49.702	418	49.728	487
49.753	410	49.778	504
49.803	406	49.829	521
49.855	408	49.879	538
49.905	415	49.930	555
49.956	426	49.980	569
50.006	442	50.032	581
50.057	460	50.082	589
50.107	482	50.133	593
50.159	504	50.183	595
50.209	527	50.234	591
50.260	548	50.285	586
50.310	568	50.336	575
50.361	583	50.386	564
50.412	595	50.437	550
50.463	603	50.487	533
50.513	605	50.539	518
50.564	600	50.589	502
50.614	593	50.640	488
50.666	580	50.690	475
50.716	563	50.741	465
50.767	544	50.791	458
50.817	520	50.843	454
50.868	497	50.893	455
50.918	474	50.944	458
50.970	452	50.994	465
51.020	433	51.045	475
51.071	418	51.096	486
51.121	407	51.147	500
51.172	401	51.197	514
51.223	400	51.248	529
51.274	405	51.298	543
51.324	416	51.350	555
51.375	430	51.400	566
51.425	449	51.451	575
51.477	470	51.501	580
51.527	494	51.552	583
51.578	518	51.602	582
51.628	541	51.654	578
51.679	563	51.704	571
51.729	582	51.755	560
51.781	596	51.805	551
51.831	606	51.856	536
51.882	611	51.907	526
51.932	609	51.958	512
51.983	603	52.008	499
52.034	591	52.059	488
52.085	574	52.109	479
52.135	555	52.161	473
52.186	533	52.211	468
52.236	506	52.262	467
52.288	483	52.312	468
52.338	459	52.363	472
52.389	438	52.413	479
52.439	420	52.465	488
52.490	406	52.516	498
52.540	398	52.566	510
52.592	395	52.617	522
52.642	398	52.667	533
52.693	406	52.719	544
52.743	419	52.769	553
52.794	438	52.820	560
52.845	459	52.870	566
52.896	483	52.921	569
52.946	508	52.972	570
52.997	534	53.023	568
53.047	556	53.073	563
53.099	576	53.124	557
53.149	594	53.174	547
53.200	606	53.226	539
53.250	613	53.276	530
53.301	615	53.327	519
53.351	612	53.377	509
53.403	601	53.428	500
53.453	586	53.478	493
53.504	566	53.530	486
53.554	542	53.580	482
53.605	518	53.631	480
53.656	493	53.681	480
53.707	467	53.732	483
53.757	444	53.783	487
53.808	424	53.834	492
53.858	408	53.884	500
53.910	397	53.935	509
53.960	392	53.985	517
54.011	392	54.037	525
54.061	398	54.087	534
54.112	410	54.138	541
54.162	426	54.188	547
54.214	447	54.239	552
54.264	472	54.289	555
54.315	497	54.341	556
54.365	524	54.391	556
54.416	548	54.442	553
54.467	571	54.492	550
54.518	590	54.543	544
54.568	604	54.594	539
54.619	613	54.645	532
54.669	617	54.695	525
54.721	615	54.746	517
54.771	608	54.796	510
54.822	594	54.848	504
54.872	576	54.898	500
54.923	554	54.949	496
54.973	529	54.999	494
55.025	503	55.050	493
55.075	477	55.100	494
55.126	453	55.152	497
55.176	430	55.202	499
55.227	413	55.253	504
55.278	399	55.303	508
55.329	391	55.354	515
55.379	389	55.405	520
55.430	393	55.456	525
55.480	403	55.506	531
55.532	416	55.557	535
55.582	438	55.607	539
55.633	461	55.659	541
55.683	486	55.709	542
55.734	513	55.760	543
55.785	538	55.810	542
55.836	562	55.861	541
55.886	583	55.911	537
55.937	600	55.963	535
55.987	612	56.013	531
56.038	618	56.064	527
56.089	618	56.114	522
56.140	612	56.165	518
56.190	601	56.216	515
56.241	585	56.267	512
56.291	564	56.317	509
56.343	540	56.368	508
56.393	514	56.418	507
56.444	488	56.470	506
56.494	463	56.520	507
56.545	439	56.571	508
56.596	419	56.621	510
56.647	404	56.672	512
56.697	394	56.722	515
56.748	389	56.774	517
56.798	391	56.824	520
56.849	398	56.875	522
56.900	411	56.925	525
56.951	429	56.976	527
57.002	450	57.027	528
57.052	474	57.078	529
57.103	501	57.128	529
57.154	527	57.179	530
57.205	552	57.229	530
57.255	575	57.281	530
57.306	593	57.331	529
57.356	606	57.382	527
57.408	615	57.432	526
57.458	618	57.483	525
57.509	615	57.533	524
57.559	607	57.585	523
57.610	591	57.635	522
57.660	573	57.686	521
57.712	551	57.736	520
57.762	525	57.787	520
57.813	498	57.838	520
57.863	473	57.889	519
57.914	449	57.939	519
57.965	428	57.990	518
58.016	411	58.040	518
58.066	398	58.092	518
58.117	392	58.142	517
58.167	391	58.193	517
58.219	396	58.243	517
58.269	406	58.294	518
58.320	421	58.345	517
58.370	441	58.396	517
58.421	466	58.446	516
58.471	490	58.497	517
58.523	517	58.547	518
58.573	542	58.598	518
58.624	565	58.649	519
58.674	585	58.700	521
58.725	600	58.750	522
58.776	611	58.801	523
58.827	617	58.851	525
58.877	615	58.903	527
58.928	609	58.953	528
58.978	596	59.004	530
59.030	579	59.054	531
59.080	558	59.105	532
59.131	534	59.156	532
59.181	510	59.207	531
59.232	484	59.257	530
59.282	460	59.308	529
59.334	437	59.358	527
59.384	419	59.409	524
59.435	405	59.460	522
59.485	396	59.511	518
59.536	393	59.561	517
59.587	395	59.612	513
59.638	404	59.662	511
59.688	417	59.714	509
59.739	434	59.764	507
59.789	457	59.815	506
59.841	481	59.865	506
59.891	505	59.916	506
59.942	531	59.967	508
59.992	554	60.018	509
60.043	575	60.069	513
60.093	591	60.119	517
60.145	604	60.170	520
60.195	611	60.220	524
60.246	611	60.272	529
60.296	608	60.322	532
60.347	598	60.373	536
60.398	585	60.423	539
60.449	566	60.474	541
60.499	544	60.525	542
60.550	520	60.576	542
60.600	495	60.626	542
60.652	471	60.677	539
60.702	448	60.727	537
60.753	429	60.779	533
60.803	413	60.829	528
60.854	403	60.880	521
60.905	398	60.930	517
60.956	398	60.981	511
61.006	403	61.031	507
61.057	414	61.083	502
61.107	430	61.133	498
61.158	450	61.184	496
61.209	472	61.234	495
61.260	496	61.285	495
61.310	520	61.336	495
61.361	543	61.387	500
61.411	564	61.437	503
61.463	582	61.488	508
61.513	596	61.538	516
61.564	604	61.590	520
61.614	608	61.640	528
61.665	606	61.691	535
61.716	600	61.741	540
61.767	587	61.792	545
61.817	570	61.842	549
61.868	550	61.894	551
61.918	528	61.944	553
61.969	505	61.995	552
62.020	482	62.045	550
62.071	460	62.096	546
62.121	440	62.147	541
62.172	423	62.198	535
62.222	411	62.248	527
62.274	404	62.299	520
62.324	402	62.349	513
62.375	406	62.401	505
62.425	414	62.451	497
62.476	427	62.502	492
62.527	444	62.552	488
62.578	463	62.603	485
62.628	485	62.653	485
62.679	509	62.705	485
62.729	532	62.755	489
62.780	553	62.806	493
62.831	571	62.856	500
62.882	586	62.907	507
62.932	596	62.958	515
62.983	602	63.009	524
63.033	602	63.059	533
63.085	597	63.110	541
63.135	588	63.160	549
63.186	574	63.212	555
63.236	556	63.262	560
63.287	537	63.313	562
63.338	514	63.363	563
63.389	492	63.414	560
63.439	471	63.465	557
63.490	451	63.516	550
63.540	434	63.566	542
63.591	422	63.617	535
63.642	412	63.667	526
63.693	409	63.718	514
63.744	410	63.769	505
63.794	417	63.820	496
63.845	428	63.870	488
63.896	441	63.921	481
63.947	459	63.971	477
63.997	479	64.023	475
64.048	500	64.073	475
64.098	521	64.124	478
64.150	541	64.174	482
64.200	560	64.225	490
64.251	575	64.276	498
64.301	586	64.327	508
64.352	593	64.377	520
64.402	595	64.428	531
64.454	593	64.478	541
64.504	586	64.529	551
64.555	575	64.580	559
64.605	557	64.631	566
64.656	541	64.681	570
64.707	523	64.732	571
64.758	502	64.782	570
64.808	482	64.834	566
64.859	462	64.884	560
64.909	446	64.935	552
64.961	432	64.985	542
65.011	423	65.036	531
65.062	417	65.087	519
65.112	416	65.138	507
65.163	419	65.188	496
65.213	429	65.239	485
65.265	441	65.289	476
65.315	456	65.340	470
65.366	473	65.391	466
65.416	491	65.442	466
65.467	512	65.492	468
65.518	531	65.543	473
65.569	548	65.593	481
65.619	563	65.645	489
65.670	575	65.695	501
65.720	584	65.746	512
65.772	588	65.796	526
65.822	586	65.847	539
65.873	582	65.898	551
65.923	572	65.949	561
65.974	560	65.999	570
66.025	545	66.050	576
66.076	528	66.100	579
66.126	510	66.151	579
66.177	491	66.202	576
66.227	473	66.253	570
66.278	458	66.303	562
66.329	444	66.354	550
66.380	434	66.404	538
66.430	427	66.456	526
66.481	424	66.506	511
66.531	426	66.557	498
66.583	432	66.607	485
66.633	442	66.658	474
66.684	453	66.709	466
66.734	469	66.760	460
66.785	487	66.811	458
66.836	503	66.861	458
66.887	521	66.912	463
66.937	537	66.962	470
66.988	552	67.014	481
67.038	564	67.064	492
67.089	572	67.115	505
67.140	577	67.165	520
67.191	578	67.216	535
67.241	575	67.267	549
67.292	569	67.318	561
67.342	559	67.368	572
67.394	546	67.419	580
67.444	532	67.469	584
67.495	516	67.521	586
67.545	499	67.571	584
67.596	483	67.622	580
67.647	468	67.672	571
67.698	456	67.723	560
67.748	445	67.773	546
67.799	438	67.825	532
67.849	434	67.875	517
67.900	435	67.926	501
67.951	438	67.976	487
68.002	445	68.027	474
68.052	455	68.078	464
68.103	467	68.129	456
68.153	483	68.179	452
68.205	497	68.230	451
68.255	514	68.280	454
68.306	527	68.332	461
68.356	541	68.382	470
68.407	552	68.433	483
68.458	561	68.483	497
68.509	566	68.534	513
68.559	569	68.585	529
68.610	568	68.636	545
68.660	562	68.686	559
68.711	556	68.737	572
68.762	546	68.787	582
68.813	534	68.838	588
68.863	519	68.889	592
68.914	506	68.940	592
68.964	492	68.990	587
69.016	479	69.041	580
69.066	467	69.091	569
69.117	457	69.143	556
69.167	450	69.193	540
69.218	445	69.244	524
69.269	444	69.294	507
69.320	446	69.345	491
69.370	451	69.396	476
69.421	458	69.447	463
69.471	468	69.497	454
69.522	478	69.548	448
69.573	491	69.598	445
69.624	506	69.649	447
69.674	519	69.700	452
69.725	530	69.751	462
69.775	540	69.801	473
69.827	549	69.852	488
69.877	555	69.902	505
69.928	558	69.954	522
69.978	558	70.004	540
70.029	555	70.055	556
70.080	551	70.105	570
70.131	542	70.156	582
70.181	534	70.207	590
70.232	521	70.258	596
70.282	511	70.308	597
70.333	499	70.359	595
70.384	488	70.409	588
70.435	477	70.460	577
70.485	469	70.511	565
70.536	462	70.562	548
70.586	457	70.612	531
70.638	455	70.663	513
70.688	455	70.713	496
70.739	459	70.765	479
70.789	464	70.815	465
70.840	472	70.866	454
70.891	479	70.916	446
70.942	490	70.967	441
70.992	500	71.018	441
71.043	512	71.069	445
71.093	521	71.119	453
71.145	530	71.170	464
71.195	537	71.220	480
71.246	543	71.271	497
71.296	546	71.322	514
71.347	548	71.373	533
71.397	547	71.423	550
71.449	543	71.474	566
71.499	538	71.524	580
71.550	531	71.576	591
71.600	522	71.626	598
71.651	514	71.677	601
71.702	504	71.727	599
71.753	495	71.778	594
71.803	487	71.829	585
71.854	479	71.880	572
71.904	473	71.930	557
71.956	468	71.981	540
72.006	466	72.031	522
72.057	466	72.082	503
72.107	467	72.133	485
72.158	471	72.184	469
72.208	476	72.234	455
72.260	482	72.285	446
72.310	489	72.335	439
72.361	498	72.387	437
72.411	506	72.437	440
72.462	514	72.488	447
72.513	521	72.538	457
72.564	527	72.589	472
72.614	532	72.640	487
72.665	535	72.691	505
72.715	536	72.741	525
72.767	537	72.792	543
72.817	533	72.842	561
72.868	531	72.893	576
72.918	525	72.944	589
72.969	520	72.995	597
73.019	514	73.045	602
73.071	507	73.096	603
73.121	500	73.146	600
73.172	494	73.198	591
73.222	488	73.248	581
73.273	484	73.299	564
73.324	480	73.349	547
73.375	478	73.400	530
73.425	477	73.451	509
73.476	477	73.502	492
73.526	480	73.552	474
73.578	483	73.603	459
73.628	487	73.653	447
73.679	491	73.705	439
73.729	498	73.755	435
73.780	503	73.806	436
73.830	509	73.856	442
73.882	513	73.907	451
73.932	518	73.957	463
73.983	521	74.009	479
74.033	524	74.059	497
74.084	525	74.110	516
74.135	525	74.160	537
74.186	525	74.211	555
74.236	523	74.262	571
74.287	520	74.313	585
74.337	516	74.363	596
74.389	512	74.414	602
74.439	507	74.464	604
74.490	504	74.516	603
74.540	500	74.566	596
74.591	496	74.617	586
74.641	494	74.667	572
74.693	491	74.718	556
74.743	490	74.768	538
74.794	489	74.820	519
74.844	489	74.870	500
74.895	490	74.921	482
74.946	492	74.971	465
74.997	494	75.022	452
75.047	496	75.073	442
75.098	500	75.124	437
75.148	503	75.174	435
75.200	506	75.225	438
75.250	508	75.275	446
75.301	511	75.327	457
75.351	512	75.377	472
75.402	513	75.428	489
75.452	514	75.478	508
75.504	514	75.529	526
75.554	514	75.579	546
75.605	512	75.631	564
75.655	511	75.681	579
75.706	509	75.732	591
75.757	506	75.782	600
75.808	505	75.833	603
75.858	504	75.884	603
75.909	502	75.935	599
75.959	501	75.985	590
76.011	499	76.036	578
76.061	500	76.086	564
76.112	499	76.138	544
76.162	500	76.188	526
76.213	500	76.239	507
76.263	501	76.289	489
76.315	501	76.340	472
76.366	502	76.390	457
76.416	503	76.442	446
76.467	503	76.492	439
76.517	504	76.543	435
76.569	504	76.593	437
76.619	505	76.644	443
76.670	505	76.695	453
76.720	505	76.746	466
76.771	505	76.796	482
76.822	504	76.847	500
76.873	503	76.897	519
76.923	503	76.949	537
76.974	502	76.999	556
77.024	503	77.050	572
77.076	503	77.100	585
77.126	504	77.151	595
77.177	503	77.201	601
77.227	503	77.253	602
77.278	504	77.303	600
