1252 , 2120
1252 , 2120
1252 , 2120
1252 , 2120
1252 , 2120
1252 , 2120
1252 , 2120
1248 , 2118
1248 , 2118
1248 , 2118
1248 , 2118
1248 , 2118
1248 , 2118
1248 , 2118
1248 , 2118
1248 , 2118
1248 , 2118
1248 , 2118
1248 , 2118
1248 , 2118
1248 , 2118
1248 , 2118
1248 , 2118
1248 , 2118
1248 , 2118
1248 , 2118
1248 , 2118
1248 , 2118
1248 , 2118
1248 , 2118
1248 , 2118
1250 , 2118
1250 , 2118
1250 , 2118
1250 , 2118
1250 , 2119
1250 , 2119
1250 , 2119
1250 , 2119
1250 , 2117
1250 , 2117
1250 , 2117
1250 , 2117
1250 , 2119
1250 , 2119
1250 , 2119
1250 , 2119
1242 , 2119
1242 , 2119
1242 , 2119
1242 , 2119
1249 , 2118
1249 , 2118
1249 , 2118
1249 , 2118
1257 , 2118
1257 , 2118
1257 , 2118
1257 , 2118
1250 , 2119
1250 , 2119
1250 , 2119
1250 , 2119
1246 , 2119
1246 , 2119
1246 , 2119
1246 , 2119
1247 , 2119
1247 , 2119
1247 , 2119
1247 , 2119
1248 , 2119
1248 , 2119
1248 , 2119
1248 , 2119
1246 , 2119
1246 , 2119
1246 , 2119
1246 , 2119
1247 , 2117
1247 , 2117
1247 , 2117
1247 , 2117
1249 , 2119
1249 , 2119
1249 , 2119
1249 , 2119